Time-step Force_Upper Force_Lower
157500 1.4231029064349240976 2.6878767378301020585
161000 -1.4752453680070205522 -1.5885038274566680716
164500 -1.2042924836191220006 0.60280727440455317279
168000 1.3030854957810205086 1.3672609242015529851
171500 -0.82049237046473921797 1.099737270935346789
175000 0.1913374727240855222 1.8997563396785392964
178500 -0.19719025200696524425 -1.3432061016219822847
182000 0.076917919063703710236 -0.46426620934490103743
185500 0.065978006432636626677 -1.2709815822533134799
189000 0.27989710728598460321 0.41711592293793153807
192500 1.4811953644183764034 2.9373155252325595654
196000 0.036011732007514951626 4.3100831348195560722
199500 -3.6662777587312600502 -0.25405255790159320117
203000 0.34132014895939938315 0.13683911326784570228
206500 -1.2220252767787260773 1.9590686214896724238
210000 -2.4699787937289765516 1.8747452769909389581
213500 0.010328891271054851941 2.2412113286521195832
217000 -0.53875536580947958054 0.63360010278923917237
220500 0.084274746541478373629 1.1166230213089587409
224000 -1.3137982936013119506 1.9505549075747867782
227500 0.21164729783348645853 2.2718583947356605357
231000 2.9126073730520083416 1.770924903226937186
234500 -0.25866313275467700539 2.1168432526682194883
238000 -1.6212857050183999696 1.5862409794709217969
241500 2.1619715315148644308 -0.1643084805758643907
245000 0.90603970737142580649 0.27557009353707961896
248500 0.31641122611695482458 -1.0176800249727953052
252000 -2.9840098570022175473 -0.016581328398930006429
255500 -0.78898546520131651594 0.34445780311134011065
259000 1.5634150681520262438 -2.1470226667695042622
262500 0.7307294997578374085 0.02944913391674508496
266000 -2.9833366587715408613 1.6267859371328312612
269500 -2.747108881562915883 1.0388473994352445118
273000 -0.59090600506912216439 -0.89948880129903496794
276500 0.52398005520078350106 2.329005901966170633
280000 -1.2808655054702693388 0.4381752772154896558
283500 -0.70583727394716044845 0.93665169615990928609
287000 0.19158428625908846543 0.30316272248948927803
290500 0.33763774835842252919 -1.0110391573704786694
294000 -3.467185814417011791 -1.1549434723118623403
297500 -0.21251500897695613235 2.0595466694735926616
301000 -1.1382396332415711804 -1.517586302862537595
304500 0.41911506193295217093 2.8250753326627302542
308000 0.7450118776730676462 -0.31981172524061363127
311500 -4.5852753519604068089 2.0448928384168332251
315000 -1.3370303809277395146 -1.6915481011000905731
318500 -2.1369671098436477941 0.89837445518722292004
322000 -3.8273056614581522084 -0.42684043286497846958
325500 -4.5996935885364917951 -0.63913826246376714835
329000 -2.0980141596178536467 2.3009143669908538321
332500 -0.17632885585447777288 -1.2415140512930620265
336000 0.34506765335946210094 0.072487154854603136345
339500 -1.8701474557590564984 2.4705446081768487332
343000 0.26543669687145859948 3.755643557783134856
346500 -0.94700694211927638477 -0.55764478751000257084
350000 -0.20817182731779562688 -2.8593016475848371805
353500 -0.23541186066424779622 0.15275582392746717142
357000 -1.7684752287746214883 -1.2237729294732668794
360500 0.10692163373601921983 -0.8447413522483090409
364000 0.12752499967861458119 2.3580141350985073245
367500 0.84274731255348500625 1.2347684521705226679
371000 1.4679392741895758157 0.88769574774369053305
374500 2.5643518198527281982 -0.51818225001993156731
378000 3.0582900762523390625 -0.075004319915956643716
381500 -3.0745130258401474066 0.18273729734271160208
385000 2.23978176564710596 0.59788693302496620507
388500 -1.0963909907857949388 2.495286663342459299
392000 2.5699829928535380397 0.99921432120312114744
395500 -8.0014464720226161631 -0.45552084398056236214
399000 1.1214391134185870413 -1.8208797260281857078
402500 -0.21425615531051667162 3.4755137877118968959
406000 -2.1617594002465367886 1.3253400566222039991
409500 -0.9125879019123420699 -1.6027427291724163361
413000 -0.16627574609003914485 1.0501908297191810959
416500 1.8672411898151621834 0.13535607921461456638
420000 -2.9289916089957763745 1.0512476802082841854
423500 -1.0008727787576274793 -1.9422153159054638127
427000 1.1280743449000312228 1.78884304676126904
430500 -0.6018142026466315464 -1.1138594321522692354
434000 1.0783569168954556527 0.50732898846107910007
437500 2.7896157313995715299 1.6506076134920992793
441000 -1.1344299163328155355 -0.7019876756252884098
444500 0.446863537136371336 -1.6224126959784217483
448000 -1.1855798416142366847 3.6301239114913488315
451500 -0.3567192252949231146 -0.97304311122735442918
455000 0.48952200272289714267 0.027994986396448484633
458500 -1.7482365217473943009 1.8385597518772496262
462000 -3.2994521672995293926 2.5649969817331332855
465500 0.53003107488044565176 -0.76081551621680998387
469000 -1.5177147282255849525 1.038835493387247455
472500 -1.0785191984145898747 2.9789658696493264145
476000 0.55960026279852070896 0.65509931621050954131
479500 2.6786836005052405696 -0.10000165096812296817
483000 1.6217229057199951114 3.2416143755167192708
486500 -0.47657863869442484983 3.4057320498946399567
490000 1.1631679871015045968 2.3028086016591182705
493500 0.14122460228235325652 0.22135680801691193231
497000 -0.19089329766819657097 -1.9849201414995245596
500500 0.63496392405188317731 -0.99612466339895211487
504000 2.2148774949579790317 2.0265843318604619405
507500 -1.8355991659048993547 -1.3974576749279248311
511000 -7.7287739444102365738 -0.4744818503327444259
514500 0.34392390753077106691 0.20251959734159863391
518000 -1.8248847754845023417 1.9454870967983710628
521500 1.3986279366499199117 1.6067188169881490012
525000 -1.316469448998724312 0.5900673392484284685
528500 -1.5631946510283147855 1.7069965501867871982
532000 1.33677284845258737 3.7717848454566085259
535500 -0.21844813066939849922 -1.1229238177206521954
539000 -1.6007431928578434999 -0.57645855473267282321
542500 -5.1245569252918317105 0.55854230123832548927
546000 -1.9452419688630722128 -0.55331830114500335505
549500 -1.2986050293045887649 2.8787092804044482897
553000 -1.6956201476400063477 -3.7587279473376629113
556500 -0.00085484315160788693078 -0.78726797511387114348
560000 0.71742148116532811208 0.62414190646279554819
563500 0.41137839173546664195 3.1459217681549604961
567000 -0.83515519663534731887 2.8961216959458728759
570500 1.0123034872499008241 3.1771996805732696245
574000 -0.69022534158020609762 -1.7637274931902666708
577500 -1.6862442805235509091 0.7609450948372942225
581000 2.0747638902046734444 1.1313477597948220499
584500 0.6667928296784116915 0.78740035580341805055
588000 -2.0859608375221938559 1.5151707506894378508
591500 -2.219940921909342002 -1.1202771469069547905
595000 -0.067601798328724593823 2.2183870980292410557
598500 0.088924737620766247659 3.8931650626150089423
602000 -2.4038196745043545199 2.4913613289945026885
605500 -2.0898015195522239296 0.096976778758110504519
609000 -0.88748590355422363185 -1.0861266556763657931
612500 1.9346924604177289098 2.4066245374745962593
616000 -0.76982311625859312088 1.0309256187603819122
619500 1.3472486935101586347 1.4414785416071660418
623000 -1.2585885020670202206 1.3008599079472515925
626500 0.33965852059897982951 5.006072272114867161
630000 -0.94167284425672381776 1.9367811230147162771
633500 0.3594143700141857467 0.72586786409530368314
637000 0.51619050934576482526 0.50502292079891453191
640500 -1.2002653926410975505 0.10935299433000186808
644000 -2.0951128014495989937 0.37992577873662436438
647500 0.46636560051776421165 1.0960452189871923157
651000 -2.4000460945694270798 5.2119953223080743854
654500 -0.98686364919073721325 -0.22835679612992179632
658000 -1.5468843406722874168 -0.33693498796377729931
661500 -3.2606727167204248019 0.091675970105128623544
665000 -0.34023286574853428554 0.92571467050963374135
668500 -0.51488865630167923726 1.4535571486224498905
672000 -1.888424533160908414 0.29909906114045597958
675500 1.7230814028911272118 -1.2598576176271827354
679000 -0.9565271012830650621 0.94655899579972213598
682500 -2.3772861703272130107 0.36297025438641883355
686000 -2.5551091418828955071 -0.21953494716475507875
689500 0.75311314493410452808 0.94732608252087802114
693000 -1.0392325417025387591 -0.13795234206308742975
696500 -1.104619655172286885 0.48149959854553620042
700000 -2.7730137617105157233 -0.22953656172121741919
703500 -0.31348049720596826706 0.644949105534324163
707000 0.49084406170861388796 -0.31656403690820450469
710500 -0.97507834911238155939 -3.1653441383745528626
714000 0.42031543699552864624 2.0786422041259360327
717500 0.67682982228503885125 0.45141731349370839421
721000 -2.3858705198216245691 -0.73239562357395415759
724500 0.54173788931010791181 3.6213834802579905059
728000 -0.67249302626107609893 7.5076167982447046256
731500 -0.30607145071419111781 -0.06032960996105612983
735000 3.4328305343975999975 0.63309942272798380714
738500 0.82689214679422917698 -0.092633539220248528601
742000 -3.3517791467493207591 -1.8484514332473174214
745500 0.28333686808733155038 2.0920572079475125982
749000 2.1668095912039246898 -2.521731409442014904
752500 1.0323436946753781207 0.10141578818218643931
756000 1.0890314270917376138 -0.20624969423013000958
759500 -0.22047340575348384206 -1.1018862835470357719
763000 0.056827393610763235476 0.54935656935783339083
766500 -0.81242956653510989273 -1.5015718891262928025
770000 1.9294544869304752766 0.18930637373855568883
773500 -0.56012894233217114248 -0.36120195556060341602
777000 1.4568475577097244056 0.71567477580329319498
780500 -1.1129118066829706279 2.0067970614973247301
784000 -0.69077820358415731317 1.1554729680769284528
787500 -1.234850827081880098 -1.7794150229898486604
791000 -1.413308412794249902 2.1304449437471357776
794500 -0.78565318991705501706 1.1908574084025387307
798000 -0.92544126230033463276 4.5368616210920791332
801500 2.4840123901892803282 1.5488370320546538395
805000 1.9756138225426669308 -0.43932421932524762243
808500 -0.47879773039922279843 0.074007093651294986181
812000 4.676631481478460195 0.35854663236663536496
815500 -3.5400375897781692913 -1.3116190660775712828
819000 -0.3450178156298517318 0.13790174883821149088
822500 -0.86761897081641281559 -1.758051633921146939
826000 -0.0069019609176137475259 2.3083077972068415384
829500 0.32450034066604993566 0.18228165358531450702
833000 -4.5799862894903533572 -0.20764962177051271563
836500 -0.251379968211809246 1.8482557582254584005
840000 -1.7351616481442571072 1.2201878184002037386
843500 1.895727285101630466 1.2944628815897436525
847000 -1.1384479540976695233 1.9458300814126203715
850500 -1.0723342802276207841 2.5772286536550081948
854000 -0.69821972768811657595 -0.21284210612829512765
857500 0.15607398694396618088 1.1296227690209577066
861000 1.0430070616692397323 0.1969576653479687689
864500 -1.6546287838919715441 -0.725462104103829164
868000 0.69549108886901889193 -1.273438964786152372
871500 -0.30239557672804429078 0.95455944367175549203
875000 -0.58993569289029390568 -1.4488435492931204251
878500 0.23699341362639297914 1.297928809837363584
882000 -1.2820178307403897744 1.873668074733061184
885500 0.37282276734843822208 1.198509586089088419
889000 -1.0335522183351644188 0.8206558718556145049
892500 -0.12730811952720066937 1.3482019242580749463
896000 -0.1696559235364245577 0.041877548710274270505
899500 -0.55973579722429467331 -0.80277163059402978362
903000 -0.21683551760460711977 4.8852055694570850619
906500 -0.25098492236005720546 0.47974558893509466895
910000 -1.7136061102349957608 -0.14443998443027927792
913500 0.35974702266881652957 -0.074033936276473824578
917000 -0.91881682249938889662 1.8919291400541542458
920500 -3.2695216906027586568 -0.62887551991045598232
924000 -0.33350291473841836565 0.034719832357847785209
927500 -0.0018231505296654737514 0.68295956851756267625
931000 -4.1710270719426194574 3.1431218222091028558
934500 -0.82315341776409556296 0.47364300600255654361
938000 3.6122594227047493121 3.171079329798693891
941500 -0.54386249552438559185 -2.0825955986010868948
945000 -1.7321253657160009531 0.79871090209464568055
948500 -2.3253175673099293341 -1.5410069087558411205
952000 -1.6523967461642126153 -5.3352332594508542485
955500 -0.67654586457382159814 -0.1140179857471256275
959000 3.4516814122918306751 1.8077723074969012096
962500 0.15274029533468924669 -0.24511296205334320852
966000 3.3782536051335463334 -0.43759976256656085702
969500 -0.67852877418169232904 2.1733253138598089826
973000 -0.1837540104513939454 2.9854657685487309138
976500 0.17334507343970717574 0.33320806916348238991
980000 -0.81723621467899665305 -2.7086139489864100582
983500 -1.7359510656227379322 2.9254379912295789268
987000 2.1742389327911744168 -0.15798924737369623994
990500 0.018014222042386937583 0.89882558922490141118
994000 -0.90143822440623000425 1.598874968662530982
997500 0.89910010964456077431 2.3383991050188264182
1001000 -3.2443006723018541493 -1.466578750926560204
1004500 -2.7541807442357475466 1.7303385161901483347
1008000 -1.5056524968036653078 -3.2328138131031254332
1011500 0.58638960741300882873 2.3961692212663683321
1015000 0.087300712597066509879 -1.2275034995906011215
1018500 0.35860059587957071603 0.54116193432512593731
1022000 -2.9389384848741681999 -1.5285899950683912163
1025500 -0.91346103062178962695 -0.12448490200799888772
1029000 -1.9442817783204828785 -0.0022392513008368808425
1032500 -2.6382861827490855511 0.035296128143175231617
1036000 -1.9186566718397366493 0.90637441309585797811
1039500 -4.7214175807483771408 1.7610290714850258542
1043000 -2.4234996307311376107 -0.40759921937634391309
1046500 0.04531750952195512383 -0.44710966717194927655
1050000 -4.5952695986934646299 -1.4763535991438496708
1053500 2.1096397805915692025 0.85268837621266380111
1057000 -1.3743598751746668452 0.57077802833969559781
1060500 -2.9879840579021359481 0.62519099705581693271
1064000 -1.6217857360345178108 -0.13876746924674332462
1067500 2.042527936652370979 -0.21815755739513736922
1071000 -0.3955685628185111602 1.0262623873307079592
1074500 -0.43353388257612585077 -1.2935659596519795134
1078000 -2.0037149525194375421 -0.85269444332859523072
1081500 0.13831059215419949648 -0.90069958654985859958
1085000 1.0142519559503129223 0.15709721438413476458
1088500 1.2267596255812360795 0.8808640164068128886
1092000 0.2416173082919464421 0.6024480028703751433
1095500 -1.7881162755236132966 0.68692247066212641649
1099000 -1.894534652868256952 -1.2357829542899532171
1102500 1.384445779223167694 -3.8960526046132932798
1106000 1.4880580688959372804 -2.8616098748590181877
1109500 -1.7821959823392130584 1.6165750687805711117
1113000 -1.8798627105586298569 -2.9320420830452658123
1116500 0.71012995478950369233 2.0115723739463682307
1120000 -2.8586853153521363247 0.84093516527128220339
1123500 -2.3874362170956011653 1.2600019454013724474
1127000 -0.97512485977234497625 0.85177218490289519082
1130500 0.84978579433046375069 2.0043675673886953703
1134000 1.9141369064691668989 -1.7858058233995133257
1137500 1.2105308801970848798 -0.80924840874879777619
1141000 -0.86365961992014750326 0.36861950162321266422
1144500 -4.532634696314449485 1.1344563896561532523
1148000 1.0128446326756805895 2.2909470291396387687
1151500 -0.85808301244192319857 1.0787323722813899618
1155000 -1.7220614574219448301 0.66738215646616083632
1158500 -0.67283352291899656272 1.7298616228372809545
1162000 1.8402533555454707592 1.3847497543399200914
1165500 2.064660895044271971 -1.2029555300847374344
1169000 -1.0502422243976321514 -1.2019233701482430199
1172500 -4.4708580968370839059 2.6392053349318103095
1176000 -0.030667529578082618896 2.6493560819263901607
1179500 -2.4134148694111985378 0.55205942889919157324
1183000 -0.6731177275692364903 -0.8732547783424919885
1186500 2.3593226784947680663 1.6635835807765346761
1190000 2.7063936310711960154 -0.79949802556286675426
1193500 -0.45494230050419454114 -0.10647165413626635821
1197000 -1.6827573752783164807 0.80334087453389801947
1200500 0.64340653022163252217 0.40286979011489110203
1204000 -1.1852421150679297579 -0.37355497685045857548
1207500 2.1835550302019459679 -2.0500906592667056394
1211000 -1.775966222952420015 1.2399040546520785355
1214500 -4.1862143458727176792 0.80800297219605776711
1218000 -0.15235136382275249467 -1.3033793411603216139
1221500 -2.7751171408677679509 -0.90702166372058645738
1225000 -0.10427442555361685073 1.0822638752002256002
1228500 1.6877409056319470082 -1.0461035716199988954
1232000 -0.1805783311626389942 -0.16561731277081170877
1235500 -1.4718963995691167757 -0.93787920085842402251
1239000 -2.1797854566122514264 1.5474256926118967748
1242500 0.21290841802268811733 -1.6147668449920795641
1246000 0.17907706007467416587 -0.325690903165392176
1249500 -0.41909491656221176115 -0.035684031834995577626
1253000 -1.45792613148435235 0.88488618819121933612
1256500 -0.57172529997455279194 -0.30824125228790433262
1260000 -5.0691813011957904678 1.3155885615038340752
1263500 -1.1808386094607161709 0.0075889283583728817106
1267000 -0.32851603183080557713 2.3587503931386661904
1270500 -1.7977150363260236965 2.1850256195917410196
1274000 -1.8011389431355762092 1.7899217798187387896
1277500 1.6647529990407710088 -1.5455956967124309109
1281000 0.79028311355860236809 3.4329212490255587298
1284500 -0.68558976074888799968 2.5584052023477577009
1288000 -1.7371572613547345831 0.44954919017630634581
1291500 1.3197845664733871551 0.054512574682279824057
1295000 -1.8468559317538404407 -0.89278690765228196913
1298500 -1.6181756880452444758 0.67511832638291946473
1302000 -0.32796627661258448416 -0.38970982215565475038
1305500 -1.1758722021245699985 -0.17870696203679564684
1309000 -0.85905008235733193445 -1.5813863515360231382
1312500 -0.09293130854591385992 -1.9111358170369390219
1316000 -1.9562727434206390598 0.65973483624503637124
1319500 -1.7241613307605789807 -0.52019022291995342666
1323000 0.11137575459627263585 -0.42180513391519713906
1326500 -1.0343435196722601255 1.3495136049910843035
1330000 -0.56610915247106974313 -0.32707238055069143279
1333500 -3.6192717815211228327 -0.26422322360732874991
1337000 0.10213300885656201311 2.3074048416892409819
1340500 -3.0772732659207662209 1.4107310068982403806
1344000 -2.4217180598108734024 -0.71174709752664133688
1347500 0.91555959631788708109 3.8411093826439102195
1351000 -0.6090682215243147235 0.19869441352943661983
1354500 -0.059672152223515517733 1.8095378810540638792
1358000 -2.3035872970568109785 1.3687266961691271216
1361500 -2.0739872490134363403 0.060881756519558627438
1365000 -1.3630979277861785537 -1.0481813622862234947
1368500 1.4877873544669437678 0.18683965009118608247
1372000 0.80506852594913780319 -0.48364358336228796542
1375500 -0.60206279663412276548 3.1991225509930214521
1379000 2.5107404540152820083 2.5722433035861174133
1382500 -1.7988814382394031632 1.4089718251188019238
1386000 -0.68645523747562620098 1.2344141730685818104
1389500 0.91465541323737764579 1.0058070258807680908
1393000 1.0504771227099010122 -0.19901354079327382429
1396500 0.32425029471894334376 -1.7095526480535183644
1400000 -1.0386115813568361776 0.011935467221973559276
1403500 0.76305219300710314112 1.2654325433628716979
1407000 -0.51970596753702669179 0.01165694543348183565
1410500 1.4055088559196970976 1.3434346342750842496
1414000 -0.39737545965050286023 2.1207252532314635474
1417500 0.20812928762833915464 1.739749179632919418
1421000 0.034770176276765041301 1.3646189655377218841
1424500 -1.9188279118334339302 -1.0593970832474195465
1428000 -2.2273661773886197501 0.37076499654536343442
1431500 -0.92066035766219167513 -0.34689792352892034888
1435000 -0.10003268011711602403 1.8898885069519866242
1438500 1.2604546351366181511 1.3003371604686111418
1442000 2.7969131041592190101 0.34164392224940792753
1445500 0.013167780934713269048 -1.7472313968802828388
1449000 -0.74195012241611923987 2.528683403895971793
1452500 -0.5152469386474615165 -1.6650743197802528872
1456000 -1.5724389611362126207 -0.7361800023144262628
1459500 0.95720569769744112687 -0.9134174570469661969
1463000 0.34103799154565850316 1.5840279010036573126
1466500 -1.93132109017243625 1.1415689987821808771
1470000 2.6964275121309357885 1.1436547196362658596
1473500 -0.79122941465350704604 1.5570865664094646341
1477000 1.2313267900053865844 0.031649211701731183588
1480500 -0.55879215231667234143 -1.0125768427910601943
1484000 2.888244745398532487 1.2886647533857136239
1487500 2.4691129398047948484 2.0391622496833017308
1491000 -0.93772643531894794844 0.86056496257114611925
1494500 -0.14497121273983115675 -0.49404839268742967162
1498000 0.1760975629572287815 -1.5465675901764566191
1501500 -2.5916411731952626596 1.454978324604192963
1505000 -2.6097999513055674115 -2.4425244650480859576
1508500 -2.8149772254916856085 -1.8727470640176417938
1512000 1.3492342760762217058 1.8937823765710188884
1515500 -0.015190794656949169195 -0.80874551113453241324
1519000 -0.88053870716207127689 1.5841870380521212436
1522500 0.19923844702094761772 1.4253048318148300311
1526000 -0.20839015225597468106 -0.93031158528886637171
1529500 -0.39131763414001308199 1.3303300833278033366
1533000 -2.663210106116645548 2.3265372516010285331
1536500 0.25708052220809018973 0.60899581351835296861
1540000 -0.3471799607281738087 -0.66491737605889622564
1543500 -0.44811876028256325544 0.40681903237237582172
1547000 -0.81716136675433226344 -0.62326233356260396512
1550500 0.20923257922631477435 0.30049803389259610586
1554000 -3.4172063164663937229 0.63411043666501043514
1557500 -3.6731090624929469968 0.27707170446060425117
1561000 -0.032203262411914623797 1.2385015911845829173
1564500 0.494145075024864322 -2.1405203007294839601
1568000 1.7441597291874311182 0.38668188323660646066
1571500 -0.25152845965199921441 1.1695664677524360009
1575000 2.2497635495421821616 -2.1674789458342922366
1578500 0.65097661685063590298 0.021226131322444025118
1582000 -0.16864497760758614953 1.215347471342144825
1585500 -0.5975025865231097244 0.75438127339699201368
1589000 -2.4366144058137293449 -1.2225253370178943424
1592500 -3.3249086983546405349 -0.44718294867771612999
1596000 0.53903165236051864273 0.62626581913984880057
1599500 -3.1643251543683250659 -1.1440213217335084561
1603000 -0.079628686878188748022 0.43071996852144434076
1606500 0.42532831879112958928 -0.15781871105792782961
1610000 0.36560240083404288436 2.6336093037529240135
1613500 1.2018465440668508748 6.0631058054139561619
1617000 0.29590541424502125878 -1.3420886724319809336
1620500 -0.48275842297371007739 0.77453463736917405047
1624000 -0.73866947662413062758 -0.63337332309773108907
1627500 -1.2231699655976178143 -2.7557674572471402286
1631000 -0.21566955596477066504 0.66613343664888136075
1634500 -3.2195356253792390966 5.307879993186056744
1638000 0.45041905731720088824 1.74864548554450705
1641500 -0.018284565165992305857 0.33100621748498193497
1645000 -1.0549077163307705174 -0.49965396808667300599
1648500 1.5944641013740874502 -1.1505965875383188379
1652000 0.90704032271187162717 3.7546077328369373838
1655500 0.21862027437942835317 0.21510810096454580087
1659000 0.095675651554091634132 0.20409940416261429519
1662500 -2.0321660825801606265 0.5128750280437545106
1666000 -2.7529963650731574809 0.20136332390895739231
1669500 -1.6565162773245325489 -0.42435145715147415402
1673000 -0.5132337280202567964 1.6703730596561745525
1676500 -0.25663662928161784516 -1.158112539596002577
1680000 -2.0527510055358577645 1.3910240209368254227
1683500 -1.422239624750230691 1.0199980257791698701
1687000 0.49712042125329447551 -0.31685732768225949307
1690500 -0.29521798822729217182 1.3692571790674012977
1694000 0.32702593297566640018 0.71610812620638331083
1697500 0.66036123732979112866 -2.1845458494996301546
1701000 0.013548412343854177031 -1.3632496222614314263
1704500 1.5771387490045996049 0.47067888199038959707
1708000 -0.2096195891798038613 -1.3852079470819476104
1711500 0.50755336112291626893 0.67510142910740444933
1715000 1.9684727085332789365 0.14995589653362256799
1718500 -0.69908618795679744462 -1.6608610675593167283
1722000 1.800632473785280574 1.7322552671310513794
1725500 1.2329799536019081518 -1.1814378225564134972
1729000 -1.0871844555085585782 -0.22035278417526837913
1732500 -1.3021239065917384892 1.8720265768530106598
1736000 -4.7524145983982437613 0.64681090178308631167
1739500 1.263148273205248584 0.34991592599357701499
1743000 -0.045546555407165678631 0.98091746550131597715
1746500 0.49586671312312330384 1.7448272148216532607
1750000 -1.1629266223828200744 0.15873366657318643824
1753500 -1.6662350424319090081 0.075901716982743616668
1757000 -2.7737805531709716078 -1.1997733749301746631
1760500 0.014196089333439465552 1.5892911714290280933
1764000 -2.3553621324670399595 0.43306593910284152393
1767500 -0.048099707066996622018 1.8776453571286770838
1771000 -0.42609234555679209588 3.5299740444569187581
1774500 -1.2908847812550141576 -0.89085364664661981227
1778000 -0.12431722465207466211 0.33344553356450601367
1781500 -2.7712543401889124794 0.88538938980753312258
1785000 -0.88269312465780158661 1.8023266176633097047
1788500 2.1658432757030205984 2.0706300086880351508
1792000 2.1809037520330436521 1.5192739287384773306
1795500 -0.17963292631348626305 -1.0384755098903002413
1799000 -1.7752598990395198619 -1.7674793325938122912
1802500 -2.5649417342867564251 2.1949010722063633239
1806000 2.3954497340821436779 0.082869989078606987043
1809500 -2.8492589660173317512 0.96041516845834662419
1813000 -0.23257129959458633373 6.2433519601080247341
1816500 -1.2016578731579434791 -1.3231335732882847367
1820000 -2.0007752853070472909 -1.5864937443317423948
1823500 -0.39852098295464405409 -0.016276464840041929283
1827000 -0.8680101217762880017 -1.8362388473039517045
1830500 -0.065055357122065865516 1.1365038511531140308
1834000 0.42887842129412945269 0.89675078674368546849
1837500 0.45114705910525487731 -2.0104523778527769728
1841000 0.29492307507822984602 -0.077699505030369986347
1844500 -0.26650607616979837822 -0.056713336650286022556
1848000 -0.88075594539179169473 -0.040781379190538147306
1851500 1.8503656788740920902 0.081673491685486543368
1855000 -1.5201371517753958784 1.9732943088706420554
1858500 -3.0010411376590049315 2.1569838319728593667
1862000 0.52102714539960048867 3.2987031708844933853
1865500 -0.49125969196367036407 2.9240744424821629721
1869000 -0.25784519984955545091 0.63690871992820818903
1872500 -3.7112824896425564702 0.83655209557596921233
1876000 -2.9638251493111491541 -0.22405900911664122788
1879500 -0.99178337813035843951 -3.025678080550786575
1883000 -1.4650581690895656539 -0.20292806956735784385
1886500 -4.3509349586298595725 1.032137905986933113
1890000 -0.85822246178000782812 0.64321418139835018213
1893500 -1.7009030929460895454 0.77579542217945329785
1897000 -1.2908685767246541598 0.56031570513986639348
1900500 0.77575581159063533576 1.325024400388429946
1904000 1.208696238271517176 0.52078980966345589376
1907500 -1.544047985004747936 0.33001083617303172968
1911000 -2.4838423751671450113 -0.20017868445256531418
1914500 0.6023687907447873302 0.85449366649987579247
1918000 0.086064472651766116273 1.8333822294742483372
1921500 -0.9602416155409763121 -2.7985771871465514593
1925000 -0.33402671450174470369 0.82404332052484940974
1928500 0.32574677794130724173 -2.0400682906598639477
1932000 1.6492015252866436548 1.8101606320337284561
1935500 -0.76701063046482653718 0.65276796370298817429
1939000 -2.5242150018530202793 -1.6251230489562851211
1942500 0.86961301305676652618 0.44925761815035042401
1946000 -0.20204539165482154894 1.2062973856482290813
1949500 -0.48888896238896706326 0.013391249503042837454
1953000 2.4958349177423406751 0.43365838802330802793
1956500 -0.79735733485952930977 -1.9515984500271539304
1960000 -0.58794923765249440528 0.9136619610088780874
1963500 1.3873480705284890746 -2.0203275635479180927
1967000 -2.1183145111157566376 1.9017488360346392895
1970500 -0.10145431154963401033 -0.14048564723250545061
1974000 -1.5775361907240059711 -0.69646702764403933816
1977500 -0.80709791200751612728 1.3869835829952705808
1981000 -1.761671467659619017 0.25001561334713601203
1984500 -1.3771916592389661371 2.6884423580751573013
1988000 2.4660434504193324834 1.8157353562170874817
1991500 -0.88070596716820515049 -3.0608210348772342257
1995000 -0.12312809530527490942 0.84940701810170426977
1998500 1.1770305193648762376 -0.55680479669227578299
2002000 0.17609722327640231487 0.27346145838686758411
2005500 -0.49228814179731328338 1.5641004870804313676
2009000 1.3811825470944401051 0.7880268052635619469
2012500 -2.0032489963653832277 1.327478908398272095
2016000 -2.6032798028496100251 -1.6268949281496314363
2019500 -1.5088097952270140834 2.7087273747511479982
2023000 -1.6797621005942149353 0.9659613702705411864
2026500 -2.2753557135292057367 0.42822661819910656789
2030000 0.4605208830264039821 1.135606640358295838
2033500 -1.896550198837247736 2.9294225217385490012
2037000 -0.56820304089124518132 0.056423215720717082022
2040500 1.0043749608839778187 0.91243790928243329041
2044000 -2.2138840176637497592 0.88972427510875695678
2047500 -1.9658326368166005871 -2.1327175535348001922
2051000 1.0093138167673538774 0.76261402778457376694
2054500 0.33890146496116191344 -3.0660501447699193278
2058000 5.9743687831333840421 -1.6512050298751370647
2061500 0.7677323074772550715 -0.98102958236026949201
2065000 -0.21957010548015437612 0.85369869664055608727
2068500 0.7993368835377772097 -1.9379012471779817339
2072000 0.40590120940728524612 -0.24247459207304156159
2075500 -2.28689998667098493 1.0403519533359006921
2079000 -0.48942831328073360675 0.72128521105935905489
2082500 -1.5648881699437771076 2.1436515122551407231
2086000 -0.22374419176105703189 1.5877440320917559635
2089500 -0.42491858459952719373 -0.027802738320483993961
2093000 0.56437138904586414689 0.83531471097243148449
2096500 -0.13001796060199871663 0.73650040699075480788
2100000 -1.3529775544517761432 0.96745977035600272398
2103500 0.43500738659869819802 -0.4929283474276981436
2107000 -0.46190575171353437378 1.5759518581074998256
2110500 2.692538917499721407 1.7148903614427064568
2114000 -0.90992551658885167942 0.76530771713845879844
2117500 -1.2250178808789045082 0.36499044205401737218
2121000 -1.8687472652024372799 -1.925826979479377199
2124500 -3.6666257113305382731 1.5044123787855887553
2128000 -1.6055626100193476358 0.054933790034956020421
2131500 -0.94197177491412265038 1.1034422305267770348
2135000 -0.48871541156680514684 2.9089700690759285884
2138500 -0.0090745711926821653881 1.0022038903651728781
2142000 1.4683118503821113165 2.6247486600711371629
2145500 1.0632556276821709673 -1.2820661206424184275
2149000 0.093510811778261898608 -2.3281415793706266015
2152500 -3.2358836174293594823 -0.64517469362215440487
2156000 1.636988145362900049 0.024280627408549176199
2159500 0.61367422091021350816 0.73722146433132107468
2163000 -0.10637870854513242769 0.70613865378596152311
2166500 0.27897690378881823126 0.2784371755534347237
2170000 3.7866295137218526357 0.55799006757232094689
2173500 0.11378872874791379211 -1.5675445199467952229
2177000 1.2737074874371394628 1.9852029089548208773
2180500 0.21383300824396425655 2.2204120244655904948
2184000 -2.221314369404346678 2.6703385651635955789
2187500 1.3657282303518760713 0.87999259370105575861
2191000 -1.0964195221559958071 0.87755733737638230707
2194500 -1.5405659419740556082 1.8404075644822055491
2198000 -0.34695949317758889574 3.9270149031776022674
2201500 0.13128858682716282313 0.53571326516658523964
2205000 -1.7347316876391229989 2.9243839441228893783
2208500 -0.14078035321944465386 -1.3519644065190581372
2212000 0.51300822892767872219 0.029592889318508341923
2215500 -0.11502577599778840423 2.0886587223035606442
2219000 -3.0107561229457533436 -0.95936665280769550801
2222500 0.65226456745553851313 -0.75786897727620450294
2226000 -0.62788648341358377358 -1.1376811670709918722
2229500 -3.9406092807963957192 0.18010458304501342219
2233000 -0.36281873562128441613 2.2918543171712144613
2236500 -1.5267012913176158939 4.0027965795666382576
2240000 -1.2542949947793451404 1.8528898000016293945
2243500 -1.0141467407659787714 2.0593317145234073529
2247000 3.4113173859991698933 0.39712367009304633259
2250500 1.4022466594043967447 -1.5813358254087190868
2254000 1.0943643033242127505 0.50443539671373960331
2257500 0.24612495713093651695 -0.50357456544709344737
2261000 1.9677938026334778066 0.31958330885496283313
2264500 -0.64428876081987318525 1.7235827909269088032
2268000 0.79912644827078027632 0.73235752121639829948
2271500 -2.4286639059507839633 1.5215238920306757286
2275000 -1.7368467501769688788 1.3040147400031687486
2278500 0.11270915216351345967 -0.16771862868090942067
2282000 -1.0298316760529639957 0.3183483121863432963
2285500 -4.150364532554845276 -2.2188944579403599988
2289000 0.71789540180670252667 -0.87501985523933167865
2292500 -0.14482199033985287961 -1.6336532490131761008
2296000 0.61347133720287361225 -0.3611014308041775589
2299500 -0.21708563277579737139 1.6945263890565158693
2303000 -1.9535772697743829518 -1.3619367677153588758
2306500 -0.6174990186141806614 0.10143853189146104232
2310000 -1.7965960589755258781 -1.8892357612101509101
2313500 -0.051487222142279687187 1.4850897169180543589
2317000 -0.65518651756230161798 0.6658000768685130577
2320500 1.8520784094085993576 -0.83410130267149429351
2324000 -1.6214682422097475012 -1.6125691284021905769
2327500 0.79406485802894566373 -2.0435611751900317756
2331000 -2.7596941976060533896 -0.30561147897885887481
2334500 -0.67706814993585684448 -0.35642201058156786075
2338000 -0.071700608027330137162 1.5033071332974192735
2341500 -2.093857908217169328 0.39745780639170880111
2345000 -2.3084723846125982938 -0.16625296555307511603
2348500 0.70355835896346607949 -1.0664399043240762044
2352000 -1.661227433138038112 0.006369722519470211175
2355500 0.10818426126640723339 -1.4108072654592871409
2359000 0.25930136501759654122 -0.98207277693107108973
2362500 -1.2855513599487267129 2.7691973141190855401
2366000 -2.4652584963683650265 3.2531919882395108345
2369500 -0.21826558821633482155 1.3618678410009747992
2373000 -1.5095477081802994856 0.91711262512320812501
2376500 0.28117630693226480787 -0.58919688760043509301
2380000 0.1900304770400161325 4.459676013433487185
2383500 -0.033517387976155665896 4.0450445694841388189
2387000 1.7402694769699682542 1.4097828529243061624
2390500 -1.8973206773174053907 4.1281389153894663124
2394000 -0.088915589895473545745 -0.73386199622391390385
2397500 -1.2099296283678855346 -0.48396156612296853394
2401000 0.55359125336828551855 -0.11935602453568050496
2404500 2.4519212712588989156 -0.56488040693431917916
2408000 -0.43824742955204515349 0.81084557167089854612
2411500 -1.1973748779501125483 0.87716149363831652508
2415000 -0.35435077148607174724 -0.31608652864022490636
2418500 -0.88709879403910152362 2.5491015554656155651
2422000 -1.5658444253093659615 -0.98393245005548091164
2425500 0.66569615738549903217 1.7553154875164511672
2429000 1.1605689310654603297 -0.40239179371877298319
2432500 -0.24233950395493963903 -0.23996678689705447374
2436000 0.37743472488604579151 0.39732697628705637705
2439500 -0.32609265221537375723 0.096843062437355187377
2443000 -2.1612472483847264826 1.5375751402324393524
2446500 0.2348707747887299746 -0.67675753058096554948
2450000 -0.75176585435751563935 -1.581713437784821652
2453500 -1.5433060264095690428 -0.70814205886625369857
2457000 -0.85472180045309165131 1.2090330478860988883
2460500 -2.4240346041974318858 0.48372298885499259713
2464000 1.3436220383410706347 0.52954420542071478639
2467500 2.0924446338335944695 -3.3988022982993206789
2471000 0.32855787516752577027 -0.95842064360515799581
2474500 -0.38772871835686339992 -0.94082868167573829865
2478000 0.82892612523590902818 -0.9961175003810947004
2481500 -0.26199807166775729295 0.77801845451977635904
2485000 -1.5950551959605130392 1.950021407168710974
2488500 0.31421829957191205196 1.2764090459621144635
2492000 -1.3039040694227232997 -2.9769388253924544685
2495500 1.3895780023566099981 2.8338381208097795927
2499000 -2.4921762908612787868 0.48496216281250942304
2502500 -0.36451799358449532562 -1.8216546151802508469
2506000 -2.0011980781052596257 -1.74772423914031938
2509500 -0.26582930336938237481 3.1368272101880227964
2513000 -2.5360469528611737644 0.10636127611254961312
2516500 3.2775449615797325187 -2.1209370584157225537
2520000 2.2111202007779491296 2.4165748338062744693
2523500 -3.2664161906536213209 -1.0593559905397316179
2527000 0.49207578589181255602 0.70332121037750527925
2530500 0.96421563261570619741 0.95427120087594796694
2534000 -1.1097439000484150551 2.2975867783212740036
2537500 0.44737989322421478633 -1.051624874932405751
2541000 -0.56691889582195398312 -1.0635287956274228627
2544500 -3.7848699024917502598 0.93268399905509768999
2548000 -0.75724289474315276127 -0.83905660731963016552
2551500 0.39366436435684121209 1.3296738238219365513
2555000 -0.40997484085112873009 1.7174315681762652996
2558500 0.48046586957735348822 0.16135858613609643797
2562000 -3.8527431128255478221 -1.4249986754927252974
2565500 -2.8497304658043911552 4.2550935127867477448
2569000 -2.7579862144338016527 2.3160655670497711789
2572500 -1.4737737906687968792 -1.5863230589874306453
2576000 -0.21794688919571936214 0.39069303484127648751
2579500 0.77650860084869766098 -0.98073272541391687263
2583000 0.62929715781102901762 0.79262450696061859112
2586500 -0.60411947939872012725 -0.56918203943947509593
2590000 -1.4266052645204529981 -0.3645871344964732863
2593500 -1.379092310880523975 1.4166097665917394277
2597000 -2.3853437791008573754 4.7910936792577185628
2600500 0.58204492065840707227 -1.9394075745983339054
2604000 0.61699698083788756531 -3.4431177512048760647
2607500 0.34693942159559015836 1.5590241908571842444
2611000 -0.1594949403077787764 -0.91984232144203437187
2614500 1.6561115477921886097 0.87810224949338222533
2618000 2.1113956728286358278 2.1907732827679637921
2621500 3.0692398551705570853 -1.3239446109907331284
2625000 -1.2656204005190727635 0.71868566446909121215
2628500 3.2908799488880902118 0.65082341960703748995
2632000 -0.55815253777701601123 3.8421625663704555009
2635500 -2.3502147429159427894 3.7557484643572638383
2639000 -0.3229244757171422231 0.21637969492145486816
2642500 1.2000484221341898294 -0.48825776452779912074
2646000 -0.7588214278622085196 0.25420678547350511467
2649500 -0.5480192848534695127 -1.2348135820754524428
2653000 -1.4149750156317419947 -1.467604988191810067
2656500 -1.8272085941912485918 -0.78548205609500543201
2660000 0.64109384093321186704 0.85127462095879935511
2663500 -0.26584689170033370953 -0.90267701052081961155
2667000 -0.4979241093695194742 -0.014926753965888994724
2670500 -1.7211454396649283893 0.28948570922599836663
2674000 0.7290888714075809407 0.51791197064618377244
2677500 0.7518019682849357288 -0.48979970177136633591
2681000 2.3748145815346775045 0.24721459630619879722
2684500 -1.9625993569374564629 -0.97006718372326672384
2688000 -1.7432166907120287824 2.0400257237339016747
2691500 -1.0570396627614120355 2.1096962383781998618
2695000 -0.20645120921168927386 -1.1024881568024651468
2698500 -2.5676743270744113445 2.9155484685142760704
2702000 1.4038730157154786227 1.2057997068092918269
2705500 2.3136882685502242474 0.43771569384829145388
2709000 -1.9596876412983754712 -0.63984057279765393922
2712500 0.6983615257352429051 -3.6438957088326855427
2716000 -0.7428797046523011316 1.2632280983537083063
2719500 -1.3534905760615187909 1.8967561170650779623
2723000 1.2326195272382449719 1.3479305387341908862
2726500 0.74698370487349430302 -1.4408769678112161028
2730000 -0.83961424313358767879 -0.087061415179246870455
2733500 1.064922858374909076 0.025065964261883677544
2737000 -1.7652855942818781454 0.73613362551911565301
2740500 -2.2548660224517540485 2.0680708616657041965
2744000 -1.7571077867514297566 0.51942501366800220008
2747500 -1.5974457646425519464 1.8990051865570882761
2751000 -0.75171391188358582802 1.7320606139188086114
2754500 -0.77030307647189877329 -0.52952955855394667761
2758000 -0.97120727241358384418 1.3948619085930260564
2761500 -0.36641169891817065851 -3.1627842208639260768
2765000 -4.2591049672382208513 -0.99074297248214326927
2768500 -0.78720836961926343722 0.32313286800365592644
2772000 -0.67489555878094698027 0.87306228325693990833
2775500 -1.2731867660247675467 0.73948293823674771108
2779000 -2.4764109255521589148 0.89416414342090677625
2782500 -2.4744679071034001439 0.40911826853550303795
2786000 -2.6410653447685206174 -1.4116976310242286274
2789500 0.36649203163292576324 0.62503775723529420016
2793000 -1.2492897024033091657 -0.40541748576302855112
2796500 0.70438500065305909015 -1.271519275425213813
2800000 -1.5038191104032887502 1.7106471064345090127
2803500 0.41859493023363542052 2.9295347215414082598
2807000 -1.0116475618165281514 -2.4964562382093955506
2810500 -1.0693963338276031294 -1.5707646153691825486
2814000 0.75083215232211597545 3.573934561171929758
2817500 -1.168996004580921344 0.47822117738343250526
2821000 0.27367631651479740196 0.82948756998200168233
2824500 1.0796524555831303882 1.6793511704964945164
2828000 -1.3359004890281511724 -1.5966304809741980186
2831500 0.17245735116989824309 1.6852325154742053837
2835000 -0.64572603052101040788 0.52102961769612754495
2838500 -1.4636991841169162409 -0.070502437476391885407
2842000 0.34546648150913716879 0.08172059970453154909
2845500 -1.1922830683143663677 -0.6680321665143935661
2849000 2.8565675894983404426 1.5144100610120108108
2852500 -0.95265905560187313927 0.52209669798645585992
2856000 -0.98386684788523903755 1.0509438144265894621
2859500 -0.32692061011627937539 1.0762675207280931744
2863000 -1.7647427045015848801 -0.34274293715439235752
2866500 -3.7803059835685099976 3.0781957936231751916
2870000 -5.1021375144139966551 1.5506358592413314046
2873500 1.825125572294712839 -0.59834119944282171399
2877000 -1.563553849501062798 -0.36420328675734670032
2880500 1.124918766790257818 2.512971245500311035
2884000 0.87148896981664591976 -0.86669339801668465739
2887500 -0.93557294951055047783 2.2310266279152868307
2891000 -0.085921211360202337515 -1.5340723652476819794
2894500 -1.1359033279326911092 -2.2077671768035207478
2898000 0.50533887861065962532 1.6335054669882507206
2901500 -0.67973256912633905902 1.1110674237821287491
2905000 1.5064767004117645133 1.8666356928957796857
2908500 1.2766374313677619767 -0.47843510136352435103
2912000 -4.2970666327068158807 -1.2308859059069772179
2915500 1.3854510647113942312 0.32269092143387517746
2919000 -2.4506413933120017035 2.9462884772920974186
2922500 -2.4495498157942141582 2.2491364148688184343
2926000 2.5698463831072091423 1.7560339728799347903
2929500 -1.9818442161628038178 -0.10685961446711522704
2933000 0.15067442746085785155 3.9422796345139694552
2936500 -1.7891671687136669888 0.50385576565336198662
2940000 -1.4184096046142484759 -0.48572588268642208353
2943500 -0.27226663896444952551 -1.8214528409987980062
2947000 -0.43303239136592130976 0.388152773202563528
2950500 -1.2276882121957370941 -1.6619465440074943086
2954000 -1.740896221209525585 1.2675368481292101919
2957500 -0.91753399074099506461 -0.96256490478430511981
2961000 0.96930316631333024446 2.5662495984141013849
2964500 1.7712899844466893917 -0.78399091647858543119
2968000 0.33418502403094890729 0.029132299393273275445
2971500 -1.4290999811961002663 1.5190189941641856208
2975000 1.978185649534137891 2.0744799065197798704
2978500 1.5427716664267605573 -0.092464605951290412822
2982000 -0.94873183561970730882 1.7548558184345466326
2985500 -5.919558769086876282 -1.4669099096724440567
2989000 -0.81136280474511568439 0.22908812174765125214
2992500 -0.75097466111042832093 4.4948337920919909649
2996000 1.1227380170795795422 -0.70042628041291532526
2999500 -1.5904325398633252231 -0.040748518682170303817
3003000 -2.139389181675278806 0.56042335902714457418
3006500 -0.0046384324051210040762 0.3230046896908170817
3010000 -0.20714833953278916079 -1.0829763101670115688
3013500 0.056626841667983429662 -0.80218182309950647468
3017000 0.13060425287710614173 -0.35074999296419023809
3020500 0.9806186261231557566 1.1736825725901083306
3024000 0.15245472215008049055 -2.6530203632530362512
3027500 -1.9965888212871139018 -0.057530659927206961868
3031000 0.59925810996917561191 0.21558509895948599344
3034500 -0.67725232817070613045 5.466661848173512972
3038000 -0.061564396483342234689 1.581183904504361637
3041500 -0.046068160194608132052 -0.69282764212636971379
3045000 -1.0558643916574592669 1.0924003373626307578
3048500 -0.75666486286917822301 0.39040329465606959936
3052000 0.015670552520036573618 2.6724273598192986867
3055500 0.74749971232413825462 -0.51672105345278573907
3059000 -0.56271772201551739645 -0.3405069724093360839
3062500 -3.3267417989837788639 1.8724827147720102261
3066000 -1.2854031154555443095 -0.0046018760443279904671
3069500 0.12936056159731257331 -3.042605303635927072
3073000 -1.5489679944896739272 4.1550266376739264373
3076500 -2.9790058262418210866 -0.6978153149811816558
3080000 -1.9242804050711037611 4.2643689664051933619
3083500 0.29053900753779338118 -1.2090435363046485584
3087000 -0.036419725094825550205 0.59390683907955077458
3090500 -0.40757846805404907009 1.1842182678023818188
3094000 -0.58276829108743155583 1.0042786642618852788
3097500 3.2840026550584187071 -1.7001861390888866055
3101000 -0.59950114459143921675 0.85269438962099153301
3104500 0.24637714103306240787 0.48943883988546144082
3108000 -0.97695640120302229548 0.24384281942811214527
3111500 -0.087649423221893951741 1.8137241331919482512
3115000 1.3255473756478344249 0.28755032714860195853
3118500 -0.76947177953578282938 -0.18068145869931628855
3122000 0.6395298360525855097 1.1180736052269701908
3125500 1.7565419482595217016 0.061313908291650398574
3129000 0.50000836615717092482 -1.8835284223802135628
3132500 1.122343185354965911 1.3437226336055128062
3136000 -1.0646764795905803158 -0.43470631359920230974
3139500 0.10387117145769531046 3.1418041648277847955
3143000 0.78330580879342237566 1.6291794852269587679
3146500 0.92876231342713033712 0.42793827168813508566
3150000 -0.28297902362732063608 -0.78303512089949811603
3153500 0.41433046372716653138 0.51985451994033315959
3157000 -0.56242059016836398744 2.0994879462365600986
3160500 -0.027251161732343875954 -1.0685380331721825442
3164000 -1.6510112709556357125 1.2693378482488073544
3167500 -0.27751840383602643936 0.66182430447046303179
3171000 -0.30211599560143909127 -2.1070193829189292067
3174500 -0.2394009085040191831 -0.95623213862613654079
3178000 -1.8390604327027562093 0.46151371649769390437
3181500 -2.7607682899474750293 -1.2296442322210321407
3185000 -1.9189050143894554878 -0.17724542843775314971
3188500 -0.64704146274980267606 -0.014861650074564969337
3192000 0.47108027189786860767 -0.6300736243991273966
3195500 1.0598663168359319098 -0.33253800880308659327
3199000 -2.104520797663640419 -1.4529501673273428342
3202500 1.3712923771267893081 -0.2663256537961056214
3206000 -0.89259377863965294608 0.78642698929790955109
3209500 0.95757156504193619018 -1.3205476591862592706
3213000 -0.37424600882241071398 -2.15453902452287549
3216500 1.7162973700594346127 0.80776041031241563317
3220000 -1.9232880228264077616 0.83559918501703611682
3223500 -0.51394072483033026444 3.5944301698700509284
3227000 -0.4008942510815463045 -0.89973193697423492488
3230500 -1.7912118681298605516 1.0694329082241402773
3234000 2.1085335541309904173 -0.37207443744488100101
3237500 1.3795404101120189999 1.9230297307102295346
3241000 -0.28471766951424121173 3.8668925233901427774
3244500 2.2242863791106239901 1.0414069363276450275
3248000 0.50066299885765719324 1.6527896157918653408
3251500 -2.3689520121067224601 2.2030936678847243826
3255000 0.60697187711293376644 1.459137896874973972
3258500 0.059425026491616961266 -1.3228621828888149636
3262000 -0.09968395818904807193 0.46213353106797472325
3265500 -0.58872943169043079337 0.19966679391946071109
3269000 0.99867325020357089471 3.3811402535813561698
3272500 -0.22301050273932318535 1.414367672001785925
3276000 -1.0662279311937674642 1.3563516847292254042
3279500 10.616677795280212493 1.4457575523084067459
3283000 0.30536926956086846152 0.60791641226377501894
3286500 0.37562097297654900574 -1.452685777985374127
3290000 -4.306947857631352683 0.77536188654174609258
3293500 0.20436867385492729632 -0.16887636548863935171
3297000 -0.34606798129358151694 1.6705118406759429384
3300500 1.4122741408602719204 1.2560784832944764666
3304000 -1.6560911939799212167 -0.51695707962459469531
3307500 1.7878206930458633295 -0.2486324240628683957
3311000 -2.9025996726799840886 -1.8714956832116886876
3314500 -0.99778582933971060598 1.6174594939818345285
3318000 1.4356527009822834806 -1.5641175034481995532
3321500 -0.74779021319722638328 3.9931426874948590111
3325000 -1.887830085747607356 1.0783350934201938465
3328500 -1.0099917265143052436 2.4537192765728361721
3332000 -2.1709249910644778936 0.42775329762191083294
3335500 0.85131608906160782801 4.269813565177190462
3339000 0.034077473248100120795 0.61597207342667181784
3342500 -1.4990077791536902119 -1.6474713938449985218
3346000 0.37493788870297389826 -1.1828820724263018338
3349500 0.3668390411992897282 0.12979099698310803124
3353000 0.94480753093463554215 -1.362856534387475449
3356500 0.14568091675910591065 -2.9541302468206853682
3360000 -0.62051032181852228131 1.0576402928994164121
3363500 1.0234380559712707992 -0.38717569867563722541
3367000 -1.4445744273596525797 0.53453048940027669822
3370500 -0.61245772482927507419 1.6343867261188773643
3374000 -1.5137236885928495589 -0.17909831184645252922
3377500 -0.60888172377964933091 1.5420518587845508662
3381000 -0.42398309315788762497 2.1130275291946509775
3384500 0.01484730132619282994 -0.64661142844042784894
3388000 -1.7296824120384362011 -4.6180804551051330975
3391500 -4.629017622024350409 1.5079760491025828717
3395000 0.23877702803027678335 1.0591368784967574168
3398500 1.9854570671629041545 3.0515549899070517625
3402000 0.36594289055421569401 -0.61106230502599767629
3405500 -2.8137999371094588597 -1.4576125041948437833
3409000 -0.91859800927977286467 0.14469960545326540635
3412500 0.48880153316110880324 -0.96335976272458379022
3416000 -2.5224677593417901278 0.57098544847495680266
3419500 1.7032285254472780966 0.58978294637209527362
3423000 -0.69778786092502376182 1.400378415172210067
3426500 -2.3864755634223633329 -0.74019303943803405055
3430000 1.4842783483969803626 1.2760218787127184381
3433500 2.1571856853570303691 1.6198838666452224366
3437000 1.15672460959260337 1.8769853156010700701
3440500 -2.8280156677976653334 1.0886796630107253847
3444000 1.0437838821008640355 -0.4111906731899445111
3447500 -0.26608619616338335945 0.14072258165156287246
3451000 -2.1213752225201201185 -1.0668231430620012112
3454500 1.7524473315551265529 -1.1552189285711638167
3458000 0.036498207857909636953 -0.03938742816929508006
3461500 1.1396652545643850551 0.14031123216888408134
3465000 -0.45479063672132979956 -0.66980465057657945227
3468500 3.0555262514098897597 1.7503709797328688147
3472000 -0.21610947459145229965 -0.48086801259161848776
3475500 -1.6555493663353249012 -0.40451873254347053832
3479000 -0.90185865097363415721 0.74660462723655962591
3482500 -1.0920928744563553892 0.53868855567929596617
3486000 -0.6397794919509705025 0.4500119371421918979
3489500 0.47251939964379885417 -0.31761314078442004494
3493000 1.5563911459639596657 1.144002112814393346
3496500 -3.5837347453094827721 -1.1617391955656404257
3500000 -4.4316588720011207414 0.60097122041171058271
3503500 -1.3650018582794314348 1.6098751795454386837
3507000 0.42271311951672546625 -0.52329497579785111405
3510500 0.66967243367234452478 -1.3153549327636886446
3514000 -1.7597879393747566379 0.57358686203149678029
3517500 -1.4740200455109804256 -1.3541445670095337839
3521000 -2.8682528308409978024 -3.4764587917538163353
3524500 -1.4042011472477597955 0.65736743548494647182
3528000 -0.26016236238869128172 1.353194795727263422
3531500 0.57536376450830384321 1.6688686853915644104
3535000 0.66362543675654062092 1.2326255434594894922
3538500 0.14366124474834490732 1.6412881994745234238
3542000 -3.4500934143403454435 4.7942427833728213926
3545500 0.80249516585561275761 0.52563468578768290929
3549000 -0.45271103398398437889 -0.088769473647600044552
3552500 0.62014738531089252938 0.83500963575132480798
3556000 -0.24048427083120771375 0.75841135406049176026
3559500 2.2741193131166341779 0.86856909216701316812
3563000 0.24712039013463465986 2.4248566289834405652
3566500 1.3542637792360108229 0.4922940598840149784
3570000 1.1418106081550809527 1.1215744783360808157
3573500 0.29556885397616056155 -0.067440626808837000894
3577000 -0.22756342670929496919 1.4739884491828245672
3580500 -0.16267891959829561266 0.54473278118361334599
3584000 0.68682201288460176247 0.65854104015784842296
3587500 0.095573371038454688065 -0.97873433059277425983
3591000 0.36912533711798750646 -1.7170324091980244674
3594500 0.12618348380816524212 -0.32052223284244746315
3598000 -0.042335055077225902664 -0.13693806589359217019
3601500 -2.3440019521520034651 -2.0577243926685753195
3605000 -1.1728988629612482342 0.55250275071736409949
3608500 -2.125080480146431583 -1.0686606047120212892
3612000 2.1969977173245500701 0.34713444005603644182
3615500 0.77998472637775362326 -1.8850362986993536296
3619000 -0.28195280209062084653 2.8441520385314600361
3622500 -2.2722260891944516814 0.17360995178481503087
3626000 0.60536654989336025068 4.7646835639243061422
3629500 -1.3512864837965643527 -1.1606623027245102087
3633000 3.6889536386056587247 -0.11566267030031428253
3636500 0.61617457483317739086 -1.762331783855346945
3640000 -3.0963060975078051662 -0.65538306512143773563
3643500 -0.44060720506390516071 -2.7730569394219206636
3647000 -4.4604733223078261162 1.4470029248400062549
3650500 1.3293425883927216802 2.0045461402454396449
3654000 2.3244516462829980519 -0.18643033942923642465
