Time-step Temperature Pxz
157500 249.13427994265032339 -5.2917622983391616742
161000 245.68294089759271515 -17.22020887949945589
164500 248.8469067807577062 81.68260752041454964
168000 245.692665863911202 80.752432448661849662
171500 249.77477611562042625 81.903067103780458069
175000 254.46322829903022011 -117.86818991837931492
178500 257.12453363050775579 -101.23693650877505945
182000 248.9769481231005841 -60.149945398061667845
185500 254.29939341086111426 -31.321984473109836244
189000 264.41137932236608776 66.093692048931004024
192500 254.88448128248384705 -17.443733398359558606
196000 257.10308564753631799 42.11194886642839208
199500 262.65257994181803269 -105.77757143687151142
203000 262.99367347112280413 -80.663578524781073043
206500 268.16529805518757712 43.356627031282236828
210000 251.43523444123536592 -57.674030576404575754
213500 261.18576855270094939 -9.4276185163618073659
217000 251.65833255437854632 -40.259221807374530044
220500 247.0496752732700827 42.440520586625979149
224000 255.89612126942611781 -47.954522298555190218
227500 252.89532762094881946 -179.25399059926749601
231000 252.87125255791244172 48.596432272154231669
234500 253.35048492759011651 -39.183796204997740631
238000 250.21305060259680886 35.968723664203444912
241500 245.51204709124124292 -40.458176701385134777
245000 251.26901404081712599 -20.126343751292964157
248500 259.6831557182921415 65.26746386454038884
252000 246.83583581116076289 -124.33225068988497242
255500 245.78643541203751965 -85.313727330014941685
259000 254.26002580651308449 -42.485890422643308284
262500 258.10450950659992486 -60.397164822992927213
266000 254.70835908202886344 -19.186051164839792449
269500 259.90248048635953637 2.6566917767551507801
273000 250.47292227138311205 97.459663659128096924
276500 253.40810541034613834 -74.03279231363568158
280000 253.96817625981424271 -15.531899878337343424
283500 249.25066931232632328 -14.8630595029668644
287000 255.12866572854309766 -75.374933654376675918
290500 247.13641986700042708 127.27249719265665817
294000 258.1937253602650344 41.021929093956813972
297500 251.14541612652959657 -72.923139855973658996
301000 257.59358344701604437 105.94448844167581569
304500 260.26476688300755313 -47.9478950265855417
308000 249.10819900351847878 -30.996987172576922376
311500 246.35066535431803914 -8.3965495694911211899
315000 259.85760198889011008 52.263793307949555356
318500 251.92563607747308652 25.1526618461168745
322000 245.54573550193418896 -26.019940481641601338
325500 247.68198360445668982 -85.41965052679373116
329000 252.1381893265758265 13.190570607147277471
332500 253.44946782806019314 176.27465927754974473
336000 260.82618251442477231 -81.739620108407834209
339500 252.58300490054696752 53.636406011430267426
343000 254.94495335870962549 27.835869600907233945
346500 258.56078368852905669 34.807092893812402679
350000 256.68861202477899042 -130.32943346468650248
353500 257.30036254596438994 12.005691737085912862
357000 254.6471645595332518 -29.817194645409301756
360500 253.55362972443967351 -83.928304059937815396
364000 252.74417496820154838 -26.015825415700490453
367500 245.72974794547639021 -91.310319679267308857
371000 253.57691883120486409 83.351499485878065343
374500 256.83231126260869814 -137.49410587231861314
378000 257.45852884605739064 -67.903271097357148278
381500 252.43120231097938699 -9.8332615688944322585
385000 258.69159375987402427 -81.675556088561691581
388500 259.58385106546000998 -9.5876967868342859447
392000 257.1155553161488001 68.352351028765141905
395500 254.85926692810397753 -56.900231428212912022
399000 256.3057633642096107 71.764685984769073457
402500 254.61122481170693277 43.420350641681338288
406000 253.91177324428184647 -53.464214261044936904
409500 258.52559158511138548 -44.730187402813513131
413000 254.98345760105587487 18.678372915325642367
416500 254.65766945267932897 -123.8104114125622317
420000 250.77071217388910895 -83.338710859076016391
423500 249.11567149725419767 -72.467013792813617101
427000 251.20753108892910177 -4.9903531206966116329
430500 253.0541997716240985 -119.95510989916132871
434000 252.26699554597416864 -86.352038588858363255
437500 257.98994983060805453 67.66207292728181244
441000 262.57467172268292188 17.243647358717076656
444500 257.30259741589071609 141.38331923990858741
448000 255.57910848989561714 -54.507051100958044287
451500 255.88639495349565323 56.041225996318502212
455000 248.43121893190459559 -22.570231303624158414
458500 260.16331190882857527 70.737038572572529915
462000 254.66918961768251961 -30.379123231376901515
465500 259.99177280970940274 3.2988729778946672688
469000 255.12349820571742498 16.524231432737011005
472500 255.43303647444443527 -123.47852478523404329
476000 264.34501741336265468 -100.11242910717639631
479500 251.58806751482023856 64.570744138400527845
483000 253.61445368335239436 -182.6367496170053073
486500 257.21832067727353888 -125.13265580316205217
490000 250.31339664946619905 125.33041730954082027
493500 251.1669232869730024 -9.8939017911426532237
497000 264.08819803287906325 -108.4533264041964884
500500 262.57680633763686728 -16.757899481637370087
504000 253.05409536547941229 -44.882018752597403477
507500 254.38932786715190559 -216.80982459227857362
511000 244.96915376355457283 -145.08292066298386658
514500 254.11126579889975119 -54.841280295968964253
518000 254.56951981070631064 -46.808306569578299161
521500 247.66898817200547001 -97.10277271029931967
525000 254.80213524308013007 -69.319188589444607373
528500 252.47264562775160357 47.868659630258399318
532000 252.39665797300222039 -137.88400121779022811
535500 258.5580836849646289 -37.370568428072466816
539000 259.46035389277597005 -68.335619124421199899
542500 251.89054256600593362 97.95391358753197153
546000 250.47866185259297822 33.503741225178188756
549500 252.98560627552578239 -119.7270510504285852
553000 256.46335198466255179 -47.762818732435917468
556500 252.42626808640335412 3.1708695814077167974
560000 250.95948503681887587 149.76737604512953794
563500 254.699917129822893 36.013974702638250847
567000 251.70777903192342251 -39.736408473109854356
570500 249.83177195890414168 5.2806981584918153416
574000 248.45793173070575222 -117.13807788520121278
577500 251.7519879930271145 -55.190123726467504639
581000 246.24857103419066107 -19.037746828676464617
584500 255.61393945490885926 -113.47765913458658815
588000 252.96730052663411925 -34.805639228965048915
591500 256.88299453977083431 -65.650169451219866801
595000 257.85507772001216154 -32.922479644171723123
598500 254.33071421177086791 -45.028073322769181175
602000 249.19427419774578425 -120.78720618482017812
605500 251.42609947126831571 62.190250682247715019
609000 257.22560717919998297 -68.098191573547822486
612500 252.7372115021595107 12.279814241389559015
616000 259.12090271168824529 29.589450998537010662
619500 255.39278633622271286 -56.262411133207926639
623000 252.86082310749807789 -73.327780350300329815
626500 256.86550596000881796 -23.920232309565598428
630000 257.15723168256727149 34.589423944488899565
633500 255.53180401702488211 -25.993224932380055492
637000 258.25315511952277348 -58.513644009328636741
640500 246.81642203217168685 -108.07168844972311206
644000 264.48574546190218371 -19.268023971197472122
647500 265.35934222387680848 73.218645736901223131
651000 255.57458960537474013 -215.20220406282209069
654500 253.15238368142436798 5.4869581125013962009
658000 252.48371216423498709 -3.4618781874817656785
661500 259.14782221175175891 138.96495512113781956
665000 256.68790274603611579 -141.66342477114412191
668500 251.73837122299971725 -67.023475901182791858
672000 261.97465637636304336 -6.6896722280955911444
675500 247.88903527445836517 -73.215920040750887665
679000 258.29172107307510942 -22.814244568708524241
682500 254.10488202230658317 -11.890188337513075467
686000 246.52178110269971967 -256.34532484705380284
689500 259.4019270014017593 -94.901144625114127962
693000 256.19890257305428349 64.27558094002037592
696500 269.75742391770455697 104.40297111737652358
700000 253.56788289051098673 -31.40615330219996082
703500 262.42184529486365818 39.139481796169590666
707000 260.07640427222509061 -45.584829398514500554
710500 251.33961114586477947 -116.56767956484091542
714000 256.38712267136128276 -128.5327394186285801
717500 262.69393025507935135 19.112286935110255115
721000 257.78640258650881378 -55.797440035466820518
724500 253.9607741557990721 -70.558057757678994903
728000 250.18380151937188316 49.306457273077114678
731500 257.54430341405304716 -76.661186635683591817
735000 255.6370928414999355 26.904604623051259438
738500 260.75090508735110006 23.860346825636280954
742000 262.63645157460325663 -39.109212149663918012
745500 257.57688990736727419 4.2529061844881530519
749000 254.71336057708879252 -54.080565698979270906
752500 254.28967986838543425 50.782218875654848489
756000 250.69348417787344374 15.841859382667957235
759500 255.09586196582071693 -30.35592238800737519
763000 256.68825153885507007 -8.5927828651230004908
766500 245.96823784536516655 -184.00368596105062124
770000 255.75927438907194755 94.146270524673738578
773500 253.01558339485566762 -161.83274770116477725
777000 258.18307613846531012 -13.936631475033120608
780500 248.89511066134542716 -76.26368018068583865
784000 255.92871398527242377 -75.106279831092081167
787500 246.46804944063208609 -9.180652715360059446
791000 249.87588710903852984 -40.81438506250123055
794500 255.93941352276002021 -150.61995800847915916
798000 256.13123751671469108 -181.16395360047951613
801500 252.65514867974340518 96.209408996318600771
805000 249.45629110884792112 67.672660515736154707
808500 250.86723789620899083 -26.268843738194068038
812000 253.75716152240138967 6.1833799376668414638
815500 264.40039478618837165 30.560490810804889605
819000 259.23297368507724059 -76.669308803593921198
822500 248.55835624221734292 22.300896970420222232
826000 255.70432768835308934 -230.38014493808967131
829500 258.05815695580338343 -11.556374985404037403
833000 256.26279952050526845 60.253001695576202223
836500 254.19960857426659118 43.927333892325563625
840000 249.52241116795465814 2.147559903046643015
843500 263.11832127414550087 -148.00675441653115172
847000 256.09351170835174116 -1.7576052478317998329
850500 262.3518304478348 -2.4754666906842190954
854000 251.0675292074073468 -26.758282779348196101
857500 254.32256856451732574 -49.914076503809191365
861000 255.41813315309897803 4.4259951579450715897
864500 251.49504549114072915 -198.00407865254248918
868000 256.79802079156382888 -55.497613810795947131
871500 253.18426454579818596 -91.870911678178813986
875000 253.44537020877803002 8.9802111061842548878
878500 259.12564230457979875 -79.504946712123285124
882000 256.9566186423278964 -39.031239996557530958
885500 253.65475214796754244 -23.230878817825512783
889000 257.79577144395420873 -61.634352669193958718
892500 252.9995660089147691 -91.9143140691439271
896000 263.47033070404876298 -83.467866316155564732
899500 254.73044121091871261 26.353865499320203725
903000 262.21511618744114003 -26.332644426401529358
906500 254.598221560050888 52.982388136302816406
910000 251.3827590128874192 -136.78930782558208534
913500 257.01267565394056192 -81.22278125205046706
917000 253.5279796408993036 70.883158220450511067
920500 253.47442536534006763 6.5466990658292667504
924000 252.49314241810148474 20.976919198438881864
927500 249.86347557955525645 -64.633423931039885701
931000 256.68834785875463922 47.816400532229721421
934500 256.56572252970062209 22.843165528743980985
938000 250.23961745573302551 121.52196430953036099
941500 257.25033956144216063 47.246048503758295567
945000 249.41648530162510156 -285.2602324461012131
948500 257.74429988917324863 -125.6975712163822152
952000 251.9359750011800827 -131.34492370978477993
955500 250.85908108068568367 22.959711182798919538
959000 254.43395891160176348 60.158707846546732867
962500 254.0750809560852872 30.500609387176009335
966000 252.50887121618106335 -26.09731614330499383
969500 258.5996309512710809 -53.451309787144104746
973000 256.512750105350392 57.284588240947137194
976500 263.34743945914846108 -57.476867556715646401
980000 260.76502274097714462 146.39309196260578005
983500 260.87308707945777542 -67.02831104867259171
987000 249.76698182692123851 -6.4126629003376853788
990500 254.00101986352211725 -48.134601282810336897
994000 254.68153105032786243 -19.061553853269746384
997500 257.00796149249339351 -47.756314281180785031
1001000 255.97975555759370536 -21.554166978614414774
1004500 243.99014924318126418 74.478357087418913807
1008000 254.80061906842863095 -24.58941627615787695
1011500 259.12995108951065504 -78.627010619144058978
1015000 256.67256536217422536 -80.310046666978266217
1018500 254.17458521203349164 -80.094355548339422057
1022000 248.54487666518053857 2.4917329516885522445
1025500 258.20739377765926292 45.049277184633027105
1029000 253.00239336166822568 14.947902770423551644
1032500 250.45960634030777214 -243.85693570417001297
1036000 255.3197948099021346 82.505935601071399788
1039500 259.82656928774679272 32.24417803371949276
1043000 250.11914797064420668 -90.307456441294178262
1046500 261.23115771629761639 -31.748174692606927039
1050000 260.16030883675938412 23.421701193179188749
1053500 253.9841098596796769 -95.185047314246091332
1057000 248.05970718937692254 -34.444894645645916853
1060500 254.40357244705737116 -65.878551079326499007
1064000 253.19609273574732811 -64.469020170431434735
1067500 257.25327159832653479 -106.53873506093290757
1071000 261.49466205697444821 53.901905645859770289
1074500 255.95689041064466096 50.902821308234216247
1078000 255.6095089055609435 -27.853610253141322772
1081500 260.9485455012062971 19.006326127558381245
1085000 258.71151611631569267 3.5131127491170195398
1088500 257.4177916180181569 -61.842489707287811029
1092000 249.2461920961186479 -52.107249913619199333
1095500 245.79355079413164731 -181.89145863932921543
1099000 258.77379677306782924 75.964139844121319811
1102500 263.34063772293575312 58.607920184238011529
1106000 262.5920262096678357 -71.939568325853159081
1109500 259.86447096643661325 70.609741939608611005
1113000 250.0381442257663025 -11.212001527903129983
1116500 255.15998911202126465 2.2630757027671175585
1120000 254.78239782116978063 -50.011818947189269124
1123500 255.95084928857127693 43.008282461565215726
1127000 249.86524133715460039 -50.495741466824142663
1130500 261.08722772622991215 26.253969705314005978
1134000 258.49134527514388537 25.691870901805810234
1137500 256.88844201714152859 -143.24998729553033172
1141000 261.60943541040745686 -42.691019964169392154
1144500 253.66318400314301584 62.592239984868697888
1148000 255.35929111840420092 -141.42559257815204887
1151500 252.73438577496392554 -19.613041745276703409
1155000 258.89430584596289009 -57.148928198120316324
1158500 255.9492576430036479 -154.22574764866999431
1162000 251.72012027952285962 -35.692613853784415312
1165500 256.35929688861671139 -4.7166696725724452932
1169000 263.15658624023308221 23.150576740379783303
1172500 257.01728005615950678 -0.0073819386062623469635
1176000 250.9947380633950047 -73.44679633110406769
1179500 251.90464685189763827 43.291630536116365136
1183000 254.38852214555262776 43.546664537605266787
1186500 251.16966983700368132 2.1523563386482695847
1190000 254.00337351658384932 -79.059340337791851994
1193500 253.56832531524202068 -18.677261786086216233
1197000 249.27300402969552806 30.16408877532591859
1200500 245.69038850766028759 77.786652454661506795
1204000 246.97430096921627296 45.895340702674168654
1207500 255.45658825740062525 2.9705486665104121613
1211000 257.65767013777633565 -167.93038476023872363
1214500 255.24981458787263477 -5.5246536399975063603
1218000 258.83357953063944024 -114.779316184918045
1221500 264.71939313444750042 -34.786238200975411416
1225000 254.22192359063075173 -8.571254012597531613
1228500 257.55911573321043306 4.4634076042063712819
1232000 253.30389688031189621 43.969840442559785743
1235500 259.48128664398808496 -109.36499516337455873
1239000 254.22517204744767128 13.599368737179007738
1242500 248.28546825907588413 21.627516731177742315
1246000 257.82902518155412963 106.56669474502727724
1249500 252.24645776438671874 -61.847335527101428454
1253000 255.84992233879074774 -26.143151855062946254
1256500 252.26673512219028339 21.781855055418713363
1260000 254.56396914047431324 -66.262706750015041735
1263500 258.42101210493331109 -68.611233357510428732
1267000 257.15818978488135826 -125.09554807569590196
1270500 259.33456500057980065 -104.01563759205993165
1274000 257.60473592840895662 -96.549702945857816871
1277500 261.64503893659173173 47.131796854755613424
1281000 267.11040079898521071 2.4076716470343764165
1284500 254.63470813187510089 -79.391839342008239555
1288000 254.12447990244231733 25.686120147200757202
1291500 257.24377844939959914 14.592825392095457815
1295000 258.04731130447987653 -149.09751658001732721
1298500 256.07632300260382863 -38.285114428960959287
1302000 256.38566670965246885 14.189740673503477453
1305500 258.72633956983042935 43.225749712409523795
1309000 265.19928449367102985 64.932279174323269899
1312500 253.16788555550661499 43.668201464201786166
1316000 258.82760610318564432 33.366908707901032471
1319500 252.6815124251173188 -105.12552914506295565
1323000 259.13264366878473766 -60.052146542866651657
1326500 263.50686901517298111 125.43044213971568013
1330000 252.37687913340297996 -84.339706877440306698
1333500 249.96005850115750491 -52.002699782847052745
1337000 262.03178525010332578 -191.64525905895320079
1340500 256.73465746438819224 -40.930090241928887451
1344000 253.39127488180909609 -135.84751005699408211
1347500 260.15924762043403007 -48.966989592439787771
1351000 258.84450266828042686 -57.460157878612008631
1354500 243.99688033302226131 -166.45343927040454446
1358000 264.37033001862374704 -106.75116793664251702
1361500 261.69964491462371825 -165.99631985980909121
1365000 253.77262386553852025 103.93429280821158045
1368500 258.71734302005114614 105.28111604593557615
1372000 252.8804738582539926 72.190322510011768031
1375500 256.83450019285822918 53.421328929667993179
1379000 249.25048028402966338 -91.696241951893100008
1382500 259.21496780798929649 -83.68383288062598524
1386000 256.97421351304478776 73.5060684520989156
1389500 248.20876935622712267 4.0920487192098518037
1393000 258.30921829158148739 -47.876391642086161937
1396500 253.26969071217641272 89.054349435180640171
1400000 253.59494188896610467 6.568835460668093873
1403500 253.37643256604664543 56.443115949795434005
1407000 256.32593771448387088 -8.4114045342653440684
1410500 254.82254949918657871 -28.851556964319314602
1414000 252.97051682007534623 61.968226461059394694
1417500 255.12493361670706804 -6.0982691817928449396
1421000 241.64096843406849757 -43.793475449747880646
1424500 255.80037112334545668 21.947332895546885823
1428000 248.08149408531664903 -151.7663565861030861
1431500 251.52042460329448659 -127.84123496308605183
1435000 251.97166564672284039 -11.402759916922203587
1438500 255.58946404239975436 -46.206228537237024057
1442000 252.11354278327829093 -156.17560458035575266
1445500 256.3885811825243195 -83.336298239770684404
1449000 252.4167467557207658 -65.192619973657812693
1452500 253.76351736755574962 -54.216841449815376563
1456000 257.61300724459590583 -36.8151981812614153
1459500 254.3591827582820315 27.683795905620307565
1463000 254.40636851734234369 -69.851341506858815933
1466500 257.92085484417941643 -66.12609130879312147
1470000 255.24201141527819914 -115.02810385395899573
1473500 256.95551322249622217 -31.156136470398628546
1477000 253.28198973554074769 -104.08156066180534083
1480500 254.06389861591901536 -19.00549163334782321
1484000 255.58932368585962536 -22.966760311166087405
1487500 260.31189054720425702 -32.588818662564897011
1491000 258.0903889862156575 15.466599373723457944
1494500 259.33183804027743236 37.894433941899407614
1498000 254.60688799887708456 9.9341389542704714444
1501500 256.3170035970255185 -123.14845809273749921
1505000 250.48088880656584365 -83.748965081273411215
1508500 261.48176368127502656 -154.73920248514525611
1512000 250.76322614372028852 59.908760063438478483
1515500 248.98466042397791398 1.5696006443709291656
1519000 258.42615101301794311 39.208338991113379279
1522500 259.54373377041866888 52.001013693723514564
1526000 256.15379514908590863 5.9801788044596744243
1529500 259.25648593793903274 7.0901786009022575996
1533000 261.02095539657040035 136.69984639984070895
1536500 258.56422941279345196 -119.79233457201272017
1540000 256.05169168418660774 -44.599794447086253513
1543500 253.45457953764844206 34.155115749969809258
1547000 257.98207790714667453 -180.5580819650585056
1550500 257.14080858897210646 -41.49687650468806055
1554000 262.42392009488497706 -20.445397185073982627
1557500 257.98402369903777753 -70.49650505940925882
1561000 251.60968137600480077 -13.693128385376818201
1564500 251.09315150221155477 63.089577306367694121
1568000 255.99012434940317462 -45.377896874601496791
1571500 263.64186780922443631 129.941631666665387
1575000 252.01283908068330675 -0.28263466443056095567
1578500 256.64143951242999719 14.210040178298179114
1582000 254.23937186480495143 70.774419604620234736
1585500 250.04991045140533856 -42.074558117743151797
1589000 261.25202601644377864 -53.793817387637545835
1592500 258.06607521875702105 82.82121139590547898
1596000 247.64443183475719934 59.750868994541811219
1599500 248.91670584330657334 100.24880077417810753
1603000 255.28134200692326772 -4.2241070223909487069
1606500 257.3454608844826339 40.867273100256092278
1610000 250.41673270975965693 125.15278833103663203
1613500 256.35908143163857176 -117.7065488421699655
1617000 253.56952062971720352 -93.768833103625084391
1620500 258.72856887609157184 -56.116671709272033297
1624000 257.57191046233504039 11.200221790721665016
1627500 245.8307313468471591 -30.91379095571149449
1631000 259.37927266239711344 93.735065397934903331
1634500 254.09168000761999906 -85.924348458706489851
1638000 247.88597352840170629 -53.254815704065123327
1641500 251.92023575238394528 38.036301530138977967
1645000 245.35864562947986656 89.753219873750907709
1648500 257.07273259954467903 61.257957064305728068
1652000 253.43901179302781657 14.366476195423075524
1655500 254.22043406854254499 -50.987657678273954787
1659000 255.17872184495956844 -93.601207229355736672
1662500 252.21259013362470114 -38.671633263602330999
1666000 249.64598979830682879 -56.542216182820460801
1669500 255.87621051636318725 51.183696032657195474
1673000 262.34960042597043639 -143.75754515707981795
1676500 254.1169247843515393 103.32668696384149598
1680000 246.67187503365150292 -70.493331393024945442
1683500 252.55404376657341459 -82.444289021447062282
1687000 255.8564889059012728 141.3582641896389589
1690500 255.93507834158245373 42.160472968097103319
1694000 249.55776741468449131 18.587359214419201692
1697500 251.81904309400769648 -104.39637534519334849
1701000 258.57537548754123691 5.9382542381426741684
1704500 256.40373892484143425 84.583075594817017873
1708000 252.96004782040157011 -66.330332048149500679
1711500 255.76146132610108452 104.92810196725885419
1715000 252.84818444591243747 -227.38177207134040714
1718500 257.86906298261959591 29.949057214073583566
1722000 251.80504452818689742 -8.067999046185168055
1725500 249.15953744046353791 -158.52553675308629977
1729000 249.12265503487495266 -9.1839227022163232306
1732500 254.62302783494840241 -113.97824348556285656
1736000 252.55151056255985509 -13.972593305343460557
1739500 250.7620766209489318 25.936699695243017771
1743000 257.98597622362461834 -33.43762330713590103
1746500 257.63279452925337409 24.621972471224012224
1750000 251.42503941658549138 -78.123456706681693618
1753500 257.48576135449042113 -50.099967880761901995
1757000 260.06602352319436022 2.8058672277396494721
1760500 252.27022632378489675 -35.755973115766884973
1764000 253.27283635997576994 -94.176006042766957194
1767500 258.38518532827595209 -108.18007436403834731
1771000 261.91505012111935002 -39.957656508161669251
1774500 250.48365520177191001 -47.671384227234469222
1778000 261.08747322561748661 -84.772691795722153074
1781500 256.62030562755433039 33.357643472260342321
1785000 257.78020126490639541 13.171300225100798897
1788500 251.88104183993533525 118.69293013714481333
1792000 257.28237120452729414 -63.578929122547698682
1795500 257.21106239586907805 -148.21668509326806884
1799000 263.87822577646551281 -121.36527522623750031
1802500 252.1959220254419165 -39.636876593884664999
1806000 259.13589230768855032 21.556015946133584293
1809500 258.36865533479266333 -126.84017478892974395
1813000 257.25702039169453883 -34.330813482356411726
1816500 262.17753121043324427 41.60068011313814651
1820000 261.85661046574853117 -50.223624462903700305
1823500 256.91126339066249784 34.202184880705530645
1827000 258.84407153651375211 1.6411414429826751693
1830500 257.81436444078929071 -92.161151381027565321
1834000 257.89844169572700139 -130.28471816880056622
1837500 256.94219312112028319 -129.48040487661461384
1841000 252.42224243789408433 5.6348768598653018458
1844500 246.33491953934188246 -43.892926725645601493
1848000 258.57050162708708285 -122.09318372735684477
1851500 255.83550497556598202 -3.4439537332822247606
1855000 261.68563351343027534 -72.107925733866565565
1858500 251.57664656307025552 40.51722674961055759
1862000 252.23072843607508275 -115.84326782929448996
1865500 256.36373015975277667 -42.214042975997998042
1869000 254.24632921165999733 -6.4540081665708770586
1872500 261.80518705098438659 99.751867938847468054
1876000 256.36167018043630605 -8.5078152634772568064
1879500 259.99497756392099745 -35.905590312696766375
1883000 252.14619462233409308 -173.72036879479000504
1886500 252.29885594421440942 -62.124728738053661914
1890000 249.75622390792662486 50.726421923605691688
1893500 256.57422086145180629 -60.025104116145811872
1897000 255.98395475195977156 -77.022417513660244026
1900500 258.81348933768174447 12.191826761274853652
1904000 260.97602093928486511 -30.461145988436399534
1907500 253.92296006738908432 38.380201778188052231
1911000 263.31237082470181576 0.14763833543057280906
1914500 258.7468235239449541 -62.144392785898318721
1918000 252.33716669313213288 -46.78333187815116645
1921500 250.35430193158705947 -75.944662211725557199
1925000 253.87252076467515849 73.842489761538189441
1928500 246.16732192859169004 -82.542774305257452738
1932000 252.07212076192894301 23.154550009583353187
1935500 254.91256998533177125 34.13879769917177498
1939000 257.56292162264037415 -22.873622996303407007
1942500 257.76898275858945908 39.49857889015041934
1946000 260.62378990076570062 -88.53064510360927386
1949500 259.22430737498530107 -3.7956914009791469233
1953000 269.49562695420104319 -14.35434813865319903
1956500 257.34304846736574746 -4.1440459193227745516
1960000 263.27184933562375591 116.79353658245720737
1963500 252.6620846956186881 -51.041087756389444507
1967000 259.08974437839532357 -46.751161552560866141
1970500 248.97265415334780414 -36.590926884282701792
1974000 254.54505399339032579 14.08006413110342514
1977500 250.53843934751634492 -91.415340524498660102
1981000 253.40472597632137308 15.430773538730244709
1984500 252.17089167926246773 -64.369430636379135535
1988000 257.15403181030370661 -87.038713122982684922
1991500 243.4262384620501507 -29.707848718397691812
1995000 252.52548587434191063 13.399566785120180512
1998500 254.91782540662612178 73.07049581579082087
2002000 263.21025946839745302 5.2876594259395206521
2005500 255.04659294418567583 -50.853696282944007123
2009000 258.31655115642763576 -30.496368289430204612
2012500 259.40486920451809283 -56.52638272652198026
2016000 250.15438534845017671 100.12994496112952447
2019500 250.99966919894515627 82.245840774573068188
2023000 248.59516761909011962 -92.500264845076358711
2026500 254.1994763109984774 21.537944131908488998
2030000 252.21071217017191657 -5.4196313918460292669
2033500 252.94667823449620414 -44.302551168687948291
2037000 253.5590745907074961 -13.435812939547329137
2040500 252.32637141509218281 -98.714195537287622528
2044000 252.6268986580640501 -117.95650233175676647
2047500 248.29789385327774198 -65.943361551759110739
2051000 250.99438394831392429 -16.124622348747838174
2054500 250.24138754338312651 26.564296826149302433
2058000 245.87623820109598682 27.855690600258228073
2061500 251.43454693540357425 17.066458228301719657
2065000 258.67033364534461271 -33.174136785599067423
2068500 249.58020980121764865 -26.243069143376533958
2072000 258.22837648333501193 -34.257691766590937732
2075500 262.71702592419910616 27.554754567437463209
2079000 250.64412747694461814 -27.67722983660600633
2082500 257.64493860400835956 56.723898126624291649
2086000 250.27593851578129147 -83.401142965029393395
2089500 262.04912112140118552 -141.83889876653870488
2093000 250.14438166273939146 112.86433106344748012
2096500 252.70849771147797469 -134.30087991434720607
2100000 255.82108521205549323 -54.368213806945874467
2103500 257.20077471767928046 -16.792890065956150636
2107000 249.69656310455536641 55.397252075496510315
2110500 252.68906819891304849 6.9994475220873662025
2114000 258.66771653060493463 157.16500835644876588
2117500 256.20800335858422159 81.643612973302509772
2121000 259.4682588511236645 -27.242572235705122097
2124500 255.03036904472381252 23.471893705972902922
2128000 257.36973725381278655 -76.185552043777406084
2131500 261.82566383351456807 -68.173066150898577575
2135000 254.9491889399302238 31.37570937640890989
2138500 245.13511529621814589 63.00488728577494868
2142000 254.19070570998337644 -41.912513951374648968
2145500 265.90973979399558402 26.926717338856033024
2149000 256.09842403166658187 -179.50155008585633709
2152500 251.24679949642793986 -22.087544615460615205
2156000 258.91917629898927089 26.966929423415432865
2159500 256.53870818811958543 -72.588388417392636143
2163000 258.76367325393584906 22.253859044373800913
2166500 253.87329743744749067 -37.211965377574060199
2170000 252.25770049232360748 6.1712789911756278372
2173500 256.2777410983009645 -112.77565359236675135
2177000 259.79108439497190375 53.077067286729409545
2180500 255.757244691853316 -54.434494770258602614
2184000 259.02389844391416318 -84.660471330332086382
2187500 261.30686194487697094 -111.92702263053557488
2191000 258.35317625097422933 -20.872681860040625423
2194500 260.30670861551533335 -21.271403248830754507
2198000 252.02858281656094164 21.752048769845043097
2201500 253.00656629945825671 9.3433546186211824391
2205000 257.46545093382337654 169.26297588605208944
2208500 255.52675183884792887 -33.173060071045227915
2212000 254.14486058554592773 -27.420238723742283327
2215500 252.1207650358635135 6.5123849597588296945
2219000 262.30170106411856068 -42.500116430866938799
2222500 264.16186485610268164 -69.495715440347609615
2226000 253.10731962532940997 -60.995640600868178183
2229500 263.38513374338134554 -124.38324157511040369
2233000 263.55222468757722254 -8.0512796686671741497
2236500 258.50806451356419302 -24.01114865511858909
2240000 254.00535467971599246 -99.875490639631806289
2243500 258.87762975268583432 -119.26931836357299233
2247000 250.64313661938805922 -25.888668868564607806
2250500 256.27925265264315158 -5.5700242659730641037
2254000 260.85107461420398067 107.28603857238067576
2257500 254.70691844778636437 52.210701436221278016
2261000 254.8442903751020765 74.103829006407522684
2264500 256.05112776951176556 -163.42522144101184267
2268000 257.79627725749173806 -142.34892247178703428
2271500 263.35891656625165069 -32.561773125089523262
2275000 261.73350211346752303 -63.060520890609701894
2278500 251.52017636523754618 -7.8446605142011680556
2282000 261.50863966301710661 -20.318712412776960718
2285500 258.19421641466868778 -93.779082824008128227
2289000 256.82658726580041275 -81.212381732289983916
2292500 254.63782586701154287 -0.31416172503488870582
2296000 250.81658931829821313 -17.903843031793464036
2299500 250.81466121338095832 -6.31095714367809979
2303000 255.27460070641799916 -88.371058458812242975
2306500 257.34137915138188646 58.197951901920717432
2310000 256.72116016879982681 -10.759012079883710555
2313500 256.57439418471170711 85.80829821548169889
2317000 248.39053976015136982 -128.15845945667825845
2320500 255.75478554641739493 85.669864663923448234
2324000 263.8551476567280929 -110.13630762361574966
2327500 254.14834529580622302 -64.411536545354223904
2331000 255.97066013689712349 17.225216121237806988
2334500 255.48433585351219222 -75.427788005062680554
2338000 259.8375119204507655 -131.82516362290729717
2341500 251.42975607978590347 -58.26931794822712618
2345000 261.91212576172097215 124.79670619518871888
2348500 251.18726022130741171 -135.93038387078286178
2352000 260.93583847034778955 99.336953723253714088
2355500 260.11780306157208997 -167.75788501045170165
2359000 252.26372006150518246 36.214848616458453989
2362500 253.8096801524272621 -125.61130653823492764
2366000 246.40415140974539554 -3.0883379634529575242
2369500 254.48864013796480776 -1.4765614065505621166
2373000 247.16929015676277004 23.227898183372232666
2376500 257.57480435959223541 -168.54740480673831371
2380000 258.24526444790382129 -46.319206514805756569
2383500 250.1758075812369384 -114.85510211245967582
2387000 257.31701172265093192 -163.29698735353989036
2390500 251.82544877686206064 -39.036862841761021059
2394000 253.89605266878373868 -31.715396984131864144
2397500 252.41418515808072698 -96.115778126271848691
2401000 257.46547869705028688 79.157770052593392052
2404500 260.6175902182043842 10.74039007311843541
2408000 255.34964305107871496 -94.752239981830214788
2411500 260.61882394141639452 -119.38433314791714679
2415000 254.02230085135875015 141.16802585469085329
2418500 259.42873988648227623 -76.53260351181961596
2422000 254.29611709595508273 -32.94480208797337184
2425500 256.8604399797271185 -86.467895685002034156
2429000 257.83732860890705751 -105.0784692188482552
2432500 261.95367342403602606 14.863399891933802621
2436000 257.35883329767455052 -54.577950538896281785
2439500 252.39621849970347967 54.210408915509049166
2443000 257.42172760218869598 -19.817665096714321749
2446500 256.91047819486738035 -24.45150740561464886
2450000 254.73522539491347061 -54.398402370376082615
2453500 256.62451394838910801 -68.3294872564163569
2457000 257.06317267761698986 -93.286971357735126276
2460500 254.01257578111693647 1.1568987977916991294
2464000 260.30442759684353859 -67.897672909444892753
2467500 255.24625116784642387 -5.4171787945117584329
2471000 251.2306601986565795 150.04972432851894837
2474500 261.73930556271994874 98.530856144617260384
2478000 257.33609360297191415 -57.055308485805191765
2481500 256.11544038378224286 76.000787989787809806
2485000 256.14335988162747526 -128.91116686465949215
2488500 254.04030993813651662 -91.993579330358855373
2492000 251.85567310994659351 46.464627502173151186
2495500 251.27940415309248579 5.7892834242582225102
2499000 251.33139747234494621 -91.119008251204945736
2502500 250.75978768835514643 -80.273273459515721129
2506000 252.31584465344113255 71.98958651016108945
2509500 267.0675779078285359 66.426355321169680224
2513000 253.39247762671234909 1.5822006254234250999
2516500 253.62157893983285817 -46.620494397258440245
2520000 252.85410558350341148 -17.872481462268229535
2523500 254.96536870004027264 26.974753315598558601
2527000 264.60709055783826216 -115.28820720260283395
2530500 245.89611611836417637 -82.972882157173131645
2534000 256.84131652697743675 66.825026375908194609
2537500 252.64775065627711115 -71.222487499506641484
2541000 266.10118786432519755 -22.91505814764464688
2544500 258.01975673308311343 -66.517947357175245315
2548000 262.10173850048386157 -146.63774128996001878
2551500 255.86439777600048728 -274.32638488321862269
2555000 247.56899837847899448 116.81557279123830995
2558500 260.39907573162548715 -92.501318560395191071
2562000 251.73512046615027771 -68.696787796543773652
2565500 257.87182129562609134 88.164848837581999419
2569000 258.96441628787636091 -25.526362652037100531
2572500 257.79375203784059067 -84.841263097669084914
2576000 258.99936501896127083 -81.025916160118512721
2579500 251.75715126002899069 -56.531544852889474839
2583000 257.78428354125287569 41.029205668257894501
2586500 260.75547201738044123 -0.42081784892076590232
2590000 250.2067404514002078 -21.327593926638872546
2593500 262.14241237718437105 -85.034367315050175762
2597000 253.37733051101412229 10.870720191958721301
2600500 258.76832786420015964 22.600419139985646666
2604000 251.67051443206304384 23.230070910464156952
2607500 253.22320181719078391 -125.58024313076943201
2611000 246.97824357813260576 -18.073595326920390391
2614500 248.53874505378564663 -69.011532436363424381
2618000 256.25374086358681325 113.27660418288660082
2621500 256.42334304536456102 29.950468767684789384
2625000 259.25874311593969423 -221.58964732875512027
2628500 258.83157481260963095 -64.363339173899575485
2632000 250.82578160346332652 8.1923774010497893983
2635500 261.5006013399472522 -79.813921289099553746
2639000 254.57110630796793771 0.60971993171863048122
2642500 254.38799361388510079 -54.953727639459160059
2646000 256.14605086198338313 -134.91795827090047055
2649500 258.26138151383821651 -79.222741718883582962
2653000 245.4146107468093021 -74.677252427757181863
2656500 256.39369730222750832 -77.383719527927439685
2660000 251.34583549501584798 171.77534694785165925
2663500 249.03437932605729088 -75.146278248885437279
2667000 249.35371679273316659 -33.288631086171093898
2670500 258.97483882682263356 -58.963955933453341629
2674000 244.25887723003231145 -55.24206822506187109
2677500 257.69496068620861706 66.644651786994444365
2681000 257.27094468410467698 -120.8837588313517557
2684500 249.50862292466746339 153.71276513609120684
2688000 257.82836196844306187 57.371251673770800039
2691500 248.11437338299634803 -156.5403512043642138
2695000 254.68931362208763858 66.830493855140346682
2698500 259.64840165558877061 53.821618804058019236
2702000 259.12786786210250511 -58.456820960668537168
2705500 255.49561852603386569 -36.796679055759057064
2709000 255.07371269199765607 17.200800111263170322
2712500 257.73457049722782131 -7.4197067615219980397
2716000 258.8949982805851846 -12.048127447513842014
2719500 249.4275610085889241 -110.51061751509561759
2723000 253.21174801473810589 69.188782611000291922
2726500 259.2758640183614034 61.175623076199855177
2730000 253.13822274505574228 119.79310421310601953
2733500 254.7588476529948025 6.2524811809781661864
2737000 252.40101578992445752 -67.751155785683067734
2740500 258.18541901959468987 -17.244201881635717655
2744000 252.08589687903901222 -81.473959771433882793
2747500 263.26139778065464725 -129.1404795481137171
2751000 252.49829451806897396 31.03700453443147822
2754500 256.89977519205882572 68.467717033843896957
2758000 254.59071607701332596 -121.51130929534718916
2761500 253.77006109575930282 -126.68324912036112551
2765000 252.19059509523293627 46.675436268277813667
2768500 257.93470593471352004 17.724033222408845489
2772000 253.41480876885609064 -79.615279186210628382
2775500 250.19889693026385658 50.550836410730390469
2779000 253.45068157882249693 -47.272862609282562119
2782500 260.84359503111960521 -9.2283381499064898179
2786000 257.37921505332360539 -123.20326592341726268
2789500 256.23337001994076445 -1.4561036279393955173
2793000 250.43222157619348422 -47.79140923416155573
2796500 250.23650626829973476 119.72681418823785293
2800000 256.00355355524254719 44.507729114293432815
2803500 250.45860679097285129 -29.224552170139968865
2807000 251.21096512337734907 82.875607533657230874
2810500 257.73885439318200952 15.160407956551235742
2814000 256.86256626574015627 -96.586325493181149682
2817500 258.73912309629167794 -61.067998407151499407
2821000 250.00187893275224837 -49.277485099742506236
2824500 252.87158585006721978 -9.152161290243810754
2828000 253.69957168503950129 -20.302727701908118263
2831500 251.94942795612459463 -32.711480346597461732
2835000 253.17201659136227931 55.342970712732096672
2838500 252.4856523805622146 85.195189987558961775
2842000 257.15310922189621579 60.130110383583613043
2845500 252.51884818752662909 -107.99087339341757286
2849000 255.36748768511537833 47.302664056731792641
2852500 258.38176551298573713 -149.68307262416618642
2856000 265.1642278419400327 -151.17255167978760255
2859500 252.98198999526348985 -87.718566056292374356
2863000 255.24186667629842873 -61.443131151772377052
2866500 252.49290738619865238 -98.594580410024121875
2870000 261.08245023971130649 -30.332881816386997542
2873500 254.26276418022575854 -146.46405643214473002
2877000 254.41442335426921773 -111.54837877534309598
2880500 260.14331083547142498 -152.78244814386644634
2884000 260.24783995888572008 -45.79624228896959437
2887500 254.66073250507946568 -21.447262893257541094
2891000 248.85924225543897137 -108.46092036414218285
2894500 261.3854718410981377 -38.451940017904156832
2898000 260.18897600891392585 -19.352918779862488208
2901500 255.27980059201254903 -145.8091865842363859
2905000 254.86279488351391365 13.975142748134675941
2908500 247.95237030081736407 -123.83041209489253731
2912000 253.08806942076182622 -6.9249997469045085907
2915500 258.16273537373507452 -60.507910137281307072
2919000 253.53546684272970424 -64.871846740466395431
2922500 264.11544770441912533 19.032648416078679077
2926000 258.1150952025786296 -37.103449441678790777
2929500 254.07451442065578817 -104.28455427723285709
2933000 257.00556661291864202 -144.50120079995664923
2936500 254.72600391899297279 7.469838773042087432
2940000 252.2801678554268392 -77.545229191127475588
2943500 249.99127251885866485 40.754013505160180841
2947000 253.55905774254529206 37.582678043332826689
2950500 251.69956030038636641 -127.91077920803842005
2954000 253.80370773257502037 -42.760363760745960349
2957500 253.87597755311495007 21.904663794960963941
2961000 249.7156415914916181 -111.86223399382947719
2964500 252.51956230603678932 66.371963017912463556
2968000 250.37892660446459558 43.172298052277163549
2971500 253.45074671135412814 -107.66158358239381698
2975000 261.32075111087198138 1.1742057674797377054
2978500 248.00282717525510634 39.918078986885973336
2982000 251.12759523087513003 -1.7478087696599415857
2985500 253.58722342531336835 -26.155464031141509196
2989000 249.16394468372570259 -196.09460760659410994
2992500 251.57919412725709662 -23.492455643908357388
2996000 247.90090756512407211 118.26221473532274331
2999500 256.50476395481422287 -49.36333225543584291
3003000 250.07325610335837496 -98.868921178273282635
3006500 253.04684309114000484 -102.33367790468840042
3010000 257.47574179496632496 -79.079618669045814272
3013500 255.4020372597372841 68.870568219547081412
3017000 254.22067793738978025 -30.786505936805674821
3020500 254.21143939504949572 -35.866564105638950366
3024000 251.03103719606289701 16.76296196858401899
3027500 257.64716303601977643 -109.68074660449885016
3031000 253.47382015454957127 12.311111014656971108
3034500 253.45026292170126681 12.296421949623979941
3038000 254.10828110343385333 -124.07571647883639798
3041500 250.2902378234213927 -146.86724398547227111
3045000 256.89001489751262852 -100.38108082485373984
3048500 253.55402144468843062 53.220349060185014878
3052000 257.11930726046216478 22.969674879336263729
3055500 256.30556999959367204 66.579813684800569717
3059000 258.98370895467888886 39.331555773171068324
3062500 257.62503144160984903 -161.01005200136307849
3066000 254.92371262788788044 -57.867500069974823873
3069500 249.13268476879861169 -87.837953589452993697
3073000 259.9672005236448058 39.608758919759026185
3076500 257.49901051937257535 -120.98213813673289962
3080000 251.07751981772756267 -45.956378049639567962
3083500 258.75892004322042794 -109.74213032298519011
3087000 256.18599019505927572 35.480424788960455373
3090500 256.60343705551213134 -27.254846303784550088
3094000 259.94598067571052979 89.887719850686067957
3097500 257.19189195815278026 -222.8541519774108508
3101000 260.1431974928380555 7.913940811316385826
3104500 252.2524881904741676 -49.142359417796789955
3108000 253.72164871458784319 19.261000751579011592
3111500 256.52963593251502061 -147.81339026881349241
3115000 262.13289523234095668 135.90823818774512688
3118500 256.12398423065189945 30.226938516723983241
3122000 253.73428570764815504 -4.5263622500824531869
3125500 263.67200812271642008 -54.921390175777169418
3129000 260.18348220307859719 0.75444264075255706992
3132500 251.36712601711957404 93.394584099394521104
3136000 253.87381657233444798 -35.230785322582555352
3139500 255.00267733341397047 40.591402815397344739
3143000 257.95597845244225255 -175.0464738665688742
3146500 261.37821877444366692 -34.399690642118542883
3150000 258.56751711721358333 60.88796507573766803
3153500 246.35481380777164873 63.941223103113038917
3157000 252.84682382871480399 6.3215553051065027645
3160500 246.62426273435934831 -20.75818768365818201
3164000 253.08546871116988086 -48.313351951943161566
3167500 255.22114872674987396 -65.646567058150679941
3171000 253.52877371837485043 -133.47054251575391959
3174500 256.68608548580965589 -58.320571665771510084
3178000 250.73366442187290204 -78.105665333492552804
3181500 253.6986468239041983 -37.914134113631376977
3185000 257.15067060790272535 -26.554402428977830652
3188500 251.25242419782080106 47.604148255949645829
3192000 254.31660981265952159 39.113193895580600667
3195500 254.33870059320000223 -9.557559419543038004
3199000 253.63200006522231433 -14.600240080623137828
3202500 255.85704376669329463 -2.3944131136512134539
3206000 258.41551197535108031 42.11320987819146211
3209500 254.6264101098838637 25.167234808716390404
3213000 252.39626709834678309 10.937221884853171261
3216500 251.21667725794100079 -16.22525067157760148
3220000 258.10040176800526979 -116.06069159933500146
3223500 259.08531960634832103 -34.46276410460624362
3227000 255.81949696442882214 -132.48046761268022919
3230500 258.89334217378240055 63.463360936268799151
3234000 260.58812151894875342 -79.596291428849752947
3237500 259.48654599861140468 -4.6206859950724155084
3241000 261.29542187596928215 8.9016407393429393125
3244500 256.19580957064630411 -59.512850729289489493
3248000 255.72093734323667036 15.900820280431535281
3251500 258.0120170429670452 57.465352155253647481
3255000 253.16291120023350913 -169.0205170168808877
3258500 255.72438850665346877 -41.353139032148412468
3262000 254.31725437037053439 35.524996880839353253
3265500 252.19121483669758277 31.379147984948591699
3269000 255.8970727424490974 6.4074575136076452608
3272500 256.0911849263150657 -94.251384883552361771
3276000 262.78849215819508345 -10.718457597131150649
3279500 248.00359866079477911 124.45392111965649917
3283000 256.15445003542919267 45.583391639104135606
3286500 252.87846686627165127 -113.27083691906899787
3290000 250.22825356577010325 -90.791135289512666873
3293500 249.84064162000365172 55.899552800581062684
3297000 251.52155006168823093 -63.019024166888094385
3300500 260.31860202807291671 -65.356053511044493121
3304000 252.63996918745374387 -102.37173673792707973
3307500 255.62729672886925414 -51.541948092035887896
3311000 257.31646556633552336 -13.534675707687215507
3314500 258.92572947344126533 -68.574144253603762422
3318000 261.96869868919020519 -4.2918158157065429137
3321500 257.85936614152842594 56.133819466912299845
3325000 262.10927053703875345 94.388325497967542788
3328500 256.78736934033167927 -9.8444247705472918142
3332000 254.28040831662593746 7.581577119747427318
3335500 250.50704110407102121 -126.80923299750503475
3339000 253.86571635796425994 -29.614239416833395779
3342500 261.91884320806968844 -89.848105758630978812
3346000 257.34076656101535718 -5.8866901212951301403
3349500 254.55676631931865472 87.363198407269806012
3353000 253.56352644725956225 12.457813353160398506
3356500 253.6756926922553248 -6.6426730818853494398
3360000 250.97840379398866162 117.95424910460656065
3363500 251.85363277314738184 33.984389629136586564
3367000 261.53438373503291814 -57.69619218566890595
3370500 256.1929696575774642 -42.148694802661140102
3374000 260.51165644489509532 -103.62581410234845691
3377500 254.95492320412898835 -144.41758109321079928
3381000 258.77619823556148049 -61.046958337194112687
3384500 254.32135011902502697 41.782035630609534849
3388000 259.8750097148011946 83.576917967887396799
3391500 255.63362773744432843 -98.099930928341606773
3395000 254.14022153926831038 36.530479584843348562
3398500 255.41269293505439464 -50.679675837715585374
3402000 256.64239774352483892 89.783174031920239599
3405500 258.42052200329425204 -48.46386883588510841
3409000 260.59232640030307948 -135.8863839583237052
3412500 255.43464086692296178 11.462378966322996021
3416000 256.06668054835910198 -80.071942826119808956
3419500 257.53478179644304191 47.155609254345698389
3423000 259.62336085987840306 -61.993167248365885769
3426500 250.67858955352323846 -179.53289234284119402
3430000 262.43062520245257474 -75.759304848728362458
3433500 253.89996186662591526 59.668811864735388895
3437000 254.3122626273294884 -37.911874317292664216
3440500 261.38971051199661133 81.300229093192385221
3444000 260.3680038567716224 -54.784363704757225833
3447500 260.0069541495647627 -23.194588597822633602
3451000 252.22390360259308295 -59.700247159429700616
3454500 260.91613931103694313 159.40527226988493226
3458000 256.85965332106917458 17.224365235401013052
3461500 258.62372914853864359 105.07899380484542462
3465000 258.65780968112994742 74.434360907334607305
3468500 252.39540383347997476 6.8240894178136786152
3472000 250.1394592989248622 -29.819573326846015249
3475500 255.95963331615462266 -37.162180118673227014
3479000 259.53347569098752956 12.442780493876044901
3482500 249.84427322547583117 -58.522175257665843162
3486000 262.18623757077097025 74.317575013340558598
3489500 257.33941018782036281 74.619495173251195297
3493000 262.09419326933254979 -5.8514488141824854139
3496500 249.76509057451505669 4.5253251677269812348
3500000 258.88054625199174552 -29.907117037299855156
3503500 246.18142150027370008 -63.317751464272802764
3507000 261.56215512400223133 -54.267711489992493057
3510500 263.36307241289063086 88.102673566534122074
3514000 257.9405574095289353 32.667722072567215719
3517500 253.57503829036593856 -6.5131555960728704235
3521000 254.44046832129248514 -94.493067257214264032
3524500 250.86194544911427329 -67.68260553811089153
3528000 257.15355636785204752 78.96807131601393337
3531500 250.99822077991726132 -83.552291224305335504
3535000 254.87289476755356077 52.642306260417072394
3538500 257.27474489802364133 -60.409801832858775583
3542000 255.66060911016643331 -2.4147644403293706539
3545500 248.37461503409721786 -144.20991418235215065
3549000 251.65073928418857463 12.576851682780679553
3552500 257.82947840557500285 -8.8947826249100927498
3556000 255.41084733758083303 120.38769601156712952
3559500 257.37516606809731456 -60.518705667790257507
3563000 248.87574655961125814 15.998425008947648962
3566500 254.85295165428703967 12.328506720636550398
3570000 261.88402471047942299 2.715424035748794207
3573500 251.60557158411663181 21.723071715572149998
3577000 250.85923471728912659 -93.15059203719367531
3580500 261.10736167577414335 59.935170347124348211
3584000 248.77606548247669593 -130.8134807448781487
3587500 263.2431767701277181 93.670608332074777991
3591000 261.36662986989801993 -79.317792080602046667
3594500 261.84207675132961413 -97.537818045066160266
3598000 250.52171194555285183 -44.899026181529791302
3601500 259.30573323164247768 -14.844505169732956418
3605000 257.63212525328111724 19.182393708867859772
3608500 257.62144094049295973 -111.93648052516550706
3612000 251.9285844696683796 85.013984042830955445
3615500 252.61769109070496597 40.783417828812062567
3619000 257.11773713364010518 -84.31598521894535736
3622500 253.47537218512553636 -12.361653838097760527
3626000 255.88575526123528903 -27.03399295734649499
3629500 258.42557534936594266 -61.786104249800146704
3633000 256.27968112899964126 -4.6729340780690238333
3636500 254.28305811885971366 10.030877847274329184
3640000 253.25822463169907905 -23.182874180755913329
3643500 255.01442950270097754 -13.640869485553865914
3647000 253.6206100427704655 -105.19108327873138364
3650500 256.81345598919773465 -71.001516334114867846
3654000 256.00516917720091215 -53.068833831557974179
